Obs : 
-2.63245e-05 -4.71705e-06 -7.22579e-06 -5.58158e-08 3.11494e-07 -1 0 0 0 1.4059e-06 1.73306e-06 -1.62591e-07 2.40363e-07 5.48918e-07 -1.46857e-16 0 4.03563e-07 -8.1001e-07 1.90092e-06 1.8147e-06 2.23698e-06 -2.09869e-07 3.10253e-07 7.08531e-07 -7.17075e-17 -7.40757e-19 5.20909e-07 -1.04554e-06 2.45366e-06 0 0 0 0 0 0 0 0 0 0 
Torque : 
-0.0580444   -1.17734  -0.266839    0.73817 -0.0856006  0.0209596    1.24132  -0.268603   0.853448 -0.0222251
Obs : 
0.00703663 0.13858 -0.0024424 0.00218118 -0.000100909 -0.999998 0 0 0 -0.000222414 -0.000463327 -0.0377947 0.067756 -0.0502102 -1.2034e-15 0 -0.0376869 0.0652814 -0.0388407 -0.000262183 -0.000527239 -0.0368494 0.0580641 -0.0094162 -8.40919e-18 -7.06152e-17 -0.0365177 0.0555579 0.000219293 -0.0580444 -1.17734 -0.266839 0.73817 -0.0856006 0.0209596 1.24132 -0.268603 0.853448 -0.0222251 
Torque : 
-0.0905668   -1.36197  -0.153044   0.465147 -0.0376714    0.06681    1.46769   -0.13468   0.770655  -0.157142
Obs : 
0.0165021 0.35164 -0.0217242 0.00744516 -0.000300026 -0.999972 0 0 0 -0.00050817 -0.00101873 -0.105699 0.177348 -0.104447 -7.54241e-09 -1.46959e-08 -0.110889 0.195286 -0.155478 -0.000355958 -0.0007017 -0.0999596 0.164092 -0.0929496 -3.30567e-08 -6.44521e-08 -0.109108 0.196211 -0.185799 -0.0905668 -1.36197 -0.153044 0.465147 -0.0376714 0.06681 1.46769 -0.13468 0.770655 -0.157142 
Torque : 
 -0.104209   -1.25061  0.0649823 -0.0219418   0.319524   0.105188    1.33589  0.0522956   0.354231   0.125366
Obs : 
0.00382303 0.200982 -0.0582329 0.0138167 -0.000695147 -0.999904 0 0 0 -0.000610543 -0.0012134 -0.194384 0.318764 -0.12363 -7.00653e-08 -1.38453e-07 -0.213821 0.392598 -0.354345 -0.000341473 -0.00067024 -0.149308 0.247952 -0.0914025 -5.22989e-08 -1.00098e-07 -0.169786 0.317261 -0.252799 -0.104209 -1.25061 0.0649823 -0.0219418 0.319524 0.105188 1.33589 0.0522956 0.354231 0.125366 
Torque : 
 0.0865501   -1.19741  -0.143189  -0.621465   0.238841  -0.135762    1.16133 -0.0661512  -0.343936   0.501722
Obs : 
0.0112389 0.0103861 -0.100845 0.0159617 -0.000584286 -0.999872 0 0 0 -0.000639722 -0.0012718 -0.263283 0.445989 -0.171636 -9.16381e-09 -1.22195e-08 -0.302516 0.553702 0.0291981 -0.000296185 -0.000583031 -0.167742 0.295033 -0.129783 -1.03494e-09 -9.86743e-08 -0.203884 0.37448 0.176927 0.0865501 -1.19741 -0.143189 -0.621465 0.238841 -0.135762 1.16133 -0.0661512 -0.343936 0.501722 
Torque : 
 0.307313 -0.996447 -0.737258  -2.33779  0.723405  -0.28669   1.46198 0.0931569 -0.113259  -1.44996
Obs : 
0.00241545 -0.0702462 -0.0190823 0.0143669 -0.000720499 -0.999897 0 0 0 -0.000645408 -0.00129007 -0.296071 0.52673 -0.245545 -1.56226e-07 -1.67706e-06 -0.351912 0.686793 -1.39272 -0.000246982 -0.00049015 -0.154151 0.29035 -0.175711 1.44788e-06 -1.8126e-06 -0.188963 0.347623 -2.40017 0.307313 -0.996447 -0.737258 -2.33779 0.723405 -0.28669 1.46198 0.0931569 -0.113259 -1.44996 
Torque : 
 0.385901 -0.586664  -0.26644  -2.07895 -0.155291 -0.444486   1.10341 -0.325532 -0.076062   1.66564
Obs : 
0.00501002 0.0368652 -0.0885137 0.0145953 -0.000736713 -0.999893 0 0 0 -0.000643991 -0.00129204 -0.318814 0.582168 -0.334484 9.64644e-07 -2.85626e-06 -0.409073 0.779246 -2.42715 -0.000206027 -0.000410487 -0.153161 0.289162 -0.176311 1.68166e-06 -2.07748e-06 -0.203045 0.404335 -1.13873 0.385901 -0.586664 -0.26644 -2.07895 -0.155291 -0.444486 1.10341 -0.325532 -0.076062 1.66564 
Torque : 
 0.281087  0.917584  0.498753  -1.06128  -1.09212 -0.987035  0.655912  -1.26026  0.449255   4.84304
Obs : 
-0.0276433 0.164488 -0.478096 0.0179405 0.000234157 -0.999839 0 0 0 0.000264976 2.86731e-05 -0.349577 0.681187 -0.615194 1.14115e-06 -3.72529e-06 -0.510972 0.901255 2.53034 0.000965829 0.0013063 -0.146166 0.357003 -0.631567 1.1294e-06 -3.11931e-06 -0.241615 0.480768 3.80964 0.281087 0.917584 0.498753 -1.06128 -1.09212 -0.987035 0.655912 -1.26026 0.449255 4.84304 
Torque : 
-0.191522   1.59759  -1.29145  -4.08508   4.03468 -0.427171   1.31379   -0.1775   6.06975  -4.02815
Obs : 
0.298562 0.125299 0.351694 0.0219376 -0.0034913 -0.999753 0 0 0 0.00111638 0.00106292 -0.466101 0.804621 -0.0369716 9.59429e-07 -4.62051e-06 -0.701532 1.39048 3.32966 0.00129882 0.000359282 -0.261292 0.389392 0.657709 7.92544e-07 -2.79576e-06 -0.377501 0.785388 -0.0753055 -0.191522 1.59759 -1.29145 -4.08508 4.03468 -0.427171 1.31379 -0.1775 6.06975 -4.02815 
Torque : 
  0.767108   0.994257  -0.366027   -5.14408    2.89384  -0.017556 -0.0328695  -0.724247    5.55441   -4.04872
Obs : 
0.417212 -0.722736 0.910838 0.0144741 -0.0109409 -0.999835 0 0 0 0.00199866 -0.00551573 -0.642194 0.939745 1.12764 -0.0039639 -0.00235497 -0.84476 2.06309 -4.99663 0.00180259 -0.00653427 -0.364576 0.372013 1.6288 -0.00538558 -0.00374248 -0.384762 1.39912 -5.89282 0.767108 0.994257 -0.366027 -5.14408 2.89384 -0.017556 -0.0328695 -0.724247 5.55441 -4.04872 
Torque : 
 0.188472    1.0563  0.581986  -8.99434  -7.89506 -0.173461   3.26835  -2.45521  -3.59933   2.82733
Obs : 
0.305476 -0.535339 -0.986837 0.00789601 -0.0167062 -0.999829 0 0 0 0.00556992 -0.0057586 -0.80523 1.15059 0.931306 -0.0146051 -0.00885296 -0.884681 2.72043 -7.47734 0.00398897 -0.00428408 -0.397771 0.65849 -0.210579 -0.00987951 -0.00637365 -0.375143 1.62639 -3.94078 0.188472 1.0563 0.581986 -8.99434 -7.89506 -0.173461 3.26835 -2.45521 -3.59933 2.82733 
Torque : 
-0.12307  1.78665  0.13802 -6.34011 -5.38497 -1.44099   1.9661 -2.52511 -4.34946  5.27171
Obs : 
-1.00397 -2.3104 1.14854 -0.0173332 -0.0114202 -0.999785 0 0 0 0.0161037 0.0150789 -0.833152 1.48812 -4.15871 -0.028126 -0.0513269 -1.03162 2.82439 1.25295 0.0180098 0.0302709 -0.35324 0.8381 -3.86793 -0.0476698 -0.0957586 -0.543264 0.565322 10 -0.12307 1.78665 0.13802 -6.34011 -5.38497 -1.44099 1.9661 -2.52511 -4.34946 5.27171 
Torque : 
  1.13969  -2.57942  -3.16913  -7.45126    3.6794  0.544694   1.97736 -0.570613  -3.69923  -3.52556
Obs : 
-1.99473 -0.421596 1.71081 -0.0485403 0.0419496 -0.99794 0 0 0 0.0519921 0.0891571 -0.851276 1.59199 -3.33807 -0.183762 -0.199129 -1.07203 1.86055 10 0.0407427 0.065904 -0.296134 0.661575 1.52082 -0.191358 -0.12804 -0.409836 -0.270821 10 1.13969 -2.57942 -3.16913 -7.45126 3.6794 0.544694 1.97736 -0.570613 -3.69923 -3.52556 
Torque : 
 0.386439   1.64747 -0.740166  -9.28025   8.95599   1.10694 -0.883795  -4.65172   5.93988  -9.81386
Obs : 
-0.0470339 0.899858 1.57069 -0.0413015 0.0645501 -0.997059 0 0 0 0.0775727 0.116602 -0.937568 1.29611 8.72146 -0.367432 -0.226059 -0.895512 0.878649 3.34785 0.0480657 0.0653905 -0.158948 0.0149056 9.02256 -0.316068 -0.108389 -0.232787 -1.48539 -6.26838 0.386439 1.64747 -0.740166 -9.28025 8.95599 1.10694 -0.883795 -4.65172 5.93988 -9.81386 
Torque : 
-0.939184  -4.80997  -1.63259  -5.66341       -10   2.77128  -2.20827   -1.9715  -6.20794  -9.91894
Obs : 
-0.181994 0.588472 0.715978 -0.0303284 0.0681295 -0.997215 0 0 0 0.0942447 0.12175 -0.896993 0.888748 5.97006 -0.558141 -0.218759 -0.590004 -0.01573 -10 0.0525032 0.0606796 0.0192802 -0.0936853 -4.10064 -0.374117 -0.0869627 0.204443 -2.63925 -10 -0.939184 -4.80997 -1.63259 -5.66341 -10 2.77128 -2.20827 -1.9715 -6.20794 -9.91894 
Torque : 
 -1.94632  -0.56163  0.956584   3.63535 -0.172769  0.303338  -1.27537  0.460811   7.43291        10
Obs : 
0.974161 0.594711 0.467809 -0.0221944 0.0566708 -0.998146 0 0 0 0.133558 0.0969964 -0.965365 0.830136 -8.04874 -0.643652 -0.233151 -0.255915 -0.873848 -10 0.0748877 0.0326534 -0.0617979 -0.293476 -10 -0.349804 -0.078255 0.196814 -2.06149 -0.985885 -1.94632 -0.56163 0.956584 3.63535 -0.172769 0.303338 -1.27537 0.460811 7.43291 10 
Torque : 
-1.35688  3.29843  7.54267  -3.0754  4.87804  0.55268 0.566565  1.13119  7.35318       10
Obs : 
2.44658 -2.6105 -0.725471 -0.0134776 0.011718 -0.99984 0 0 0 0.190701 0.116446 -1.03073 0.734806 -10 -0.713019 -0.165837 -0.995122 0.679682 8.77665 0.120093 0.0744645 0.106355 -0.520596 -5.30315 -0.333282 -0.033668 0.00887258 -1.36762 10 -1.35688 3.29843 7.54267 -3.0754 4.87804 0.55268 0.566565 1.13119 7.35318 10 
Torque : 
  0.28249    3.8615  -5.44899  -2.71712        10   1.82979 -0.275447 0.0436396   9.04012  -3.07181
Obs : 
2.91672 -2.32894 -0.700763 -0.0659804 -0.0435832 -0.996869 0 0 0 0.34821 0.129495 -0.839518 0.240214 6.30868 -0.718465 -0.0117486 -1.32047 2.23888 10 0.370861 -0.05155 0.0503137 -0.943419 10 -0.25079 0.207795 0.0488257 0.339312 10 0.28249 3.8615 -5.44899 -2.71712 10 1.82979 -0.275447 0.0436396 9.04012 -3.07181 
Torque : 
-3.76096 0.684324 -8.47583      -10      -10  3.68775 0.544483 -5.31871 -7.52966      -10
Obs : 
1.48271 0.0647539 -3.54619 -0.0845872 -0.125692 -0.988457 0 0 0 0.575072 0.0734581 -0.398227 -0.929515 10 -0.669444 -0.000676485 -1.24093 3.50711 10 0.427996 -0.019986 0.221564 -1.25827 4.96371 -0.146021 -0.131203 0.226766 0.311351 2.0827 -3.76096 0.684324 -8.47583 -10 -10 3.68775 0.544483 -5.31871 -7.52966 -10 
Torque : 
-3.52373 0.213047 -4.29379  -5.6702      -10  2.15683  3.58535 -4.72007      -10      -10
Obs : 
-9.67467 -0.708961 3.17565 -0.0247308 0.0286979 -0.999282 0 0 0 0.611612 -0.017414 -1.37089 0.247455 -6.76727 -0.540019 -0.538223 -0.154849 0.44587 -10 0.255698 0.217345 -0.469026 0.559 -10 -0.114859 -0.00484667 2.10823 -4.32385 -10 -3.52373 0.213047 -4.29379 -5.6702 -10 2.15683 3.58535 -4.72007 -10 -10 
Torque : 
0.864352  4.06248       10  2.66647   8.8498  2.84974      -10 -6.74134 -1.22403  3.39008
Obs : 
3.18472 0.231905 -1.73659 -0.0235628 -0.0863161 -0.995989 0 0 0 0.582394 0.204077 -1.38514 0.916891 -10 -0.816738 -0.720142 -0.150254 -4.31524 -6.97213 0.218621 0.331735 -0.255978 0.872175 -9.67221 -0.316779 -0.437128 0.890768 -5.74814 -1.87185 0.864352 4.06248 10 2.66647 8.8498 2.84974 -10 -6.74134 -1.22403 3.39008 
Torque : 
-4.66788  2.09267  2.85135 -8.56378  2.15211 0.551104 -1.48968       10       10       10
Obs : 
6.30675 -3.91014 -9.91283 -0.0545493 -0.187324 -0.980782 0 0 0 0.649906 0.430894 -0.881607 1.12515 -8.6752 -1.12818 -0.976947 -1.00242 -5.11563 10 0.215623 0.423859 0.43898 0.859076 -0.254308 -0.396689 -0.428086 -0.212364 -3.66741 9.09701 -4.66788 2.09267 2.85135 -8.56378 2.15211 0.551104 -1.48968 10 10 10 
Torque : 
-6.15855  8.59873 -7.07399      -10       10 0.184738  3.40855  8.01513       10 -5.57601
Obs : 
5.51261 -5.56877 -6.47054 -0.121449 -0.292791 -0.948432 0 0 0 0.655523 0.55239 -0.134616 0.516503 9.41255 -1.1596 -0.939483 -1.99532 -3.74036 10 0.157116 0.436401 1.27321 -0.348257 10 -0.290482 -0.293474 -0.647286 -1.74189 4.91645 -6.15855 8.59873 -7.07399 -10 10 0.184738 3.40855 8.01513 10 -5.57601 
Torque : 
-6.30821  6.65062      -10      -10      -10  2.40765  6.97437  7.68106       10      -10
Obs : 
-8.56609 -10 -8.5663 -0.238721 -0.300589 -0.923395 0 0 0 0.672854 0.805619 0.983207 -0.981578 10 -1.09177 -0.906791 -2.30092 -1.42574 -2.17702 0.179739 1.01816 1.88601 -1.14695 4.43199 0.08694 -0.492115 -0.712007 1.17506 -10 -6.30821 6.65062 -10 -10 -10 2.40765 6.97437 7.68106 10 -10 
Torque : 
-5.98402       10 -3.73647      -10      -10  2.13301 0.122173      -10       10  5.79412
Obs : 
-0.460199 0.859838 8.65525 -0.265283 -0.0706112 -0.961582 0 0 0 0.66319 1.49518 0.343615 0.356038 -8.41662 -0.554907 -1.54962 -1.65187 2.20346 -10 0.247029 0.915336 0.673314 -0.216356 -10 0.117508 -0.706056 0.520896 2.54387 -9.87602 -5.98402 10 -3.73647 -10 -10 2.13301 0.122173 -10 10 5.79412 
Torque : 
0.999927  3.71623  5.24263      -10       10    1.304  6.56358 -4.37367 -1.97717  2.09523
Obs : 
-1.24553 2.89844 2.2341 -0.235489 -0.0480594 -0.970688 0 0 0 0.741847 1.60381 -0.220025 1.25211 -10 -0.688528 -1.76963 -0.34128 3.51138 -5.44789 0.23699 0.841417 0.409234 0.209035 -6.42478 0.0173903 -0.651114 1.08623 2.73286 -3.80029 0.999927 3.71623 5.24263 -10 10 1.304 6.56358 -4.37367 -1.97717 2.09523 
Torque : 
-0.10714 -3.82032  4.74647 -5.52054       10 0.877232  3.95385 -1.81854      -10    -2.14
Obs : 
-0.842118 6.72245 2.83212 -0.140362 -0.0650411 -0.987962 0 0 0 0.741537 1.63824 -0.377389 1.26479 5.31335 -0.724409 -1.71778 0.425584 4.03358 -0.940026 0.166885 0.680682 0.0808258 0.920338 10 0.0191591 -0.367042 1.50047 2.47153 -1.2298 -0.10714 -3.82032 4.74647 -5.52054 10 0.877232 3.95385 -1.81854 -10 -2.14 
Torque : 
 -1.12025       -10   3.87839       -10 -0.375797   3.53842        10   8.01637       -10   5.65114
Obs : 
-1.98352 8.2349 -1.6972 0.0134967 -0.0914255 -0.99572 0 0 0 0.683847 1.59181 -0.0963782 0.389578 10 -0.662615 -1.27993 1.15993 3.94128 5.8364 0.0954681 0.501408 0.645596 -0.533263 10 0.103381 0.259086 1.90852 1.68207 3.89101 -1.12025 -10 3.87839 -10 -0.375797 3.53842 10 8.01637 -10 5.65114 
Torque : 
-1.21003      -10  6.65663      -10      -10  2.41345       10       10      -10  3.34466
Obs : 
0.892636 5.54089 -4.33065 0.154331 -0.123745 -0.980239 0 0 0 0.64826 1.43616 0.672583 -1.13073 10 -0.588854 -0.439248 1.76834 3.53292 9.11894 0.0412074 0.270752 1.01715 -0.711157 0.73488 0.119836 1.0704 2.0856 1.15701 4.42204 -1.21003 -10 6.65663 -10 -10 2.41345 10 10 -10 3.34466 
Torque : 
-0.00851469         -10     9.12207         -10         -10   -0.859606          10     2.82636         -10         -10
Obs : 
10 4.74883 -4.47349 0.244531 -0.256637 -0.935063 0 0 0 0.722483 0.953208 0.217998 1.13647 -10 -0.67904 0.491273 2.14542 3.12689 -0.901674 0.0912433 -0.354807 1.35369 0.226591 -10 0.0169228 1.37292 1.8508 0.128154 -10 -0.00851469 -10 9.12207 -10 -10 -0.859606 10 2.82636 -10 -10 
Torque : 
-1.86478       10       10 -6.01687       10 -3.60108 -4.22078  -3.1528      -10      -10
Obs : 
10 2.03473 3.23671 0.0888822 -0.481033 -0.872185 0 0 0 0.71069 0.31583 1.21282 1.5259 -10 -0.488346 0.251913 2.04003 0.64668 -10 -0.0606765 -0.794405 1.96483 0.0815213 -9.72398 0.581795 0.145892 1.446 -2.7046 -10 -1.86478 10 10 -6.01687 10 -3.60108 -4.22078 -3.1528 -10 -10 
Torque : 
 0.331239        10   8.88959 -0.562756        10 -0.899752  -4.52122   -3.3717  -7.41509   1.89808
Obs : 
10 -0.973688 -7.00622 0.032634 -0.648048 -0.7609 0 0 0 0.550748 -0.214695 1.88235 1.16274 -4.05607 -1.00224 -1.27074 1.44041 -2.16155 -10 -0.243042 -0.734572 1.87558 -1.25836 10 0.0218749 -0.147193 0.433702 -3.44865 -10 0.331239 10 8.88959 -0.562756 10 -0.899752 -4.52122 -3.3717 -7.41509 1.89808 
Torque : 
-1.00234 -4.31318 -4.49936  6.30905  3.31286 -2.32192  -6.3721       10 -4.90621       10
Obs : 
9.87062 3.48797 -6.76488 0.0503895 -0.729193 -0.68245 0 0 0 0.57547 0.350661 1.0969 1.47788 10 -1.13816 -1.55205 0.406258 -2.74581 -7.03127 0.264951 -0.0887253 0.558783 -0.731086 10 -0.10546 -0.419665 -0.295088 -2.32395 5.70505 -1.00234 -4.31318 -4.49936 6.30905 3.31286 -2.32192 -6.3721 10 -4.90621 10 
Torque : 
-1.44344 -4.61035 -4.37806       10    2.493 -2.60319 -1.20866       10 -4.58372       10
Obs : 
2.89079 8.91855 7.68424 0.0419714 -0.771929 -0.634322 0 0 0 1.10425 0.417597 -0.0855381 1.83271 10 -1.36146 -1.85329 -1.31533 1.09768 10 0.380127 -0.503315 -0.894131 -0.301004 10 0.0542725 -0.0901757 -0.277795 0.126036 10 -1.44344 -4.61035 -4.37806 10 2.493 -2.60319 -1.20866 10 -4.58372 10 
Torque : 
0.00879759        -10    1.69655   -4.54448        -10    3.07261    9.58498    7.47213        -10        -10
Obs : 
0.110408 2.77504 5.19631 -0.075764 -0.797906 -0.598001 0 0 0 1.13748 -0.235059 -1.1702 1.3498 10 -1.27052 -1.68003 -0.380223 3.43167 10 0.286613 -0.83754 -1.24984 -1.14886 -0.504178 0.0524854 -0.207717 0.447521 1.42309 10 0.00879759 -10 1.69655 -4.54448 -10 3.07261 9.58498 7.47213 -10 -10 
Torque : 
 -0.5499 -4.41809 0.914284      -10      -10  3.91124  9.48238 -5.29207      -10      -10
Obs : 
-2.35886 -5.55399 -2.41421 -0.134623 -0.786079 -0.603288 0 0 0 0.935859 -0.000403822 -0.675157 -0.584432 -10 -1.16933 -1.73886 -0.022848 4.43567 10 0.0352445 -0.0387037 -0.388108 -2.80157 -10 0.173797 -0.124626 0.28025 1.30184 -3.44324 -0.5499 -4.41809 0.914284 -10 -10 3.91124 9.48238 -5.29207 -10 -10 
Torque : 
  -1.0212  -5.70831   -2.6893   3.07284        10   3.58512    3.3768 -0.457399       -10  -6.25677
Obs : 
-1.8211 0.686691 8.33421 -0.175471 -0.763437 -0.62159 0 0 0 0.759616 0.340829 -0.986644 -0.430801 -10 -0.857687 -1.11613 1.06757 2.05838 -10 -0.110402 -0.0533414 -0.876428 -1.54004 -8.76866 0.500531 0.9164 1.35211 -1.7221 -10 -1.0212 -5.70831 -2.6893 3.07284 10 3.58512 3.3768 -0.457399 -10 -6.25677 
Torque : 
-0.0706314   0.703723    4.45136         10    7.29535    1.47806   -5.05999   -1.81842        -10    8.34871
Obs : 
-0.579164 1.74999 -6.49381 -0.226323 -0.736502 -0.637451 0 0 0 0.752562 0.38858 -1.42698 0.287161 -2.75241 -1.03037 -0.662255 2.63928 -2.06941 -6.31275 0.00242926 0.139188 -0.872264 -0.608739 10 0.115899 0.768696 1.57431 -3.69253 1.73209 -0.0706314 0.703723 4.45136 10 7.29535 1.47806 -5.05999 -1.81842 -10 8.34871 
Torque : 
  -3.97201     -6.145 -0.0281651    4.77298  -0.645308  -0.222844   -5.11158    6.27806  -0.988836         10
Obs : 
-0.889023 -7.22232 2.4688 -0.219403 -0.712791 -0.666177 0 0 0 0.765144 0.596261 -1.31841 0.427137 10 -1.12628 -0.283902 2.68057 -2.13319 10 -0.0439369 0.177359 -0.783193 0.104458 10 0.172424 1.19366 1.14022 -1.96583 10 -3.97201 -6.145 -0.0281651 4.77298 -0.645308 -0.222844 -5.11158 6.27806 -0.988836 10 
Torque : 
 -5.36644  -9.66761   -9.2483 -0.505365   -6.3432   4.18795  -4.72314       -10       -10       -10
Obs : 
-0.280847 -3.48652 -3.78009 -0.221983 -0.646153 -0.730212 0 0 0 0.782956 0.666749 -1.39628 0.957462 10 -1.31926 0.201285 2.26758 0.386139 9.59492 -0.0414162 0.0997108 -0.64169 0.537833 10 -0.0118449 1.01452 0.568398 -0.192703 -3.89663 -5.36644 -9.66761 -9.2483 -0.505365 -6.3432 4.18795 -4.72314 -10 -10 -10 
Torque : 
 -5.96316       -10  -3.84923  -5.64796       -10   3.00473 -0.579398       -10       -10       -10
Obs : 
7.65165 3.46457 0.643673 -0.247203 -0.674488 -0.69567 0 0 0 0.644678 0.232465 -1.35263 1.40659 -0.885041 -1.49952 -0.428969 1.38064 2.4541 -10 -0.154603 -0.448637 -0.0638509 1.06957 -10 -0.477529 -0.244315 -0.633309 1.90818 -10 -5.96316 -10 -3.84923 -5.64796 -10 3.00473 -0.579398 -10 -10 -10 
Torque : 
 -3.81388   3.89472  0.152448 -0.347586 -0.375519   1.80882  -1.26753  -1.12695       -10   9.43759
Obs : 
8.14034 -6.84775 -4.99047 -0.315369 -0.635741 -0.70454 0 0 0 0.620353 -0.17677 -0.76265 1.81374 -10 -1.89755 -0.961087 -0.245572 3.42684 -10 -0.131089 -0.525465 0.667356 1.11693 -10 -0.536312 -0.384852 -1.78627 2.05077 -5.87092 -3.81388 3.89472 0.152448 -0.347586 -0.375519 1.80882 -1.26753 -1.12695 -10 9.43759 
Torque : 
 -2.77971   2.78946  -6.57387  -0.83837   2.46302 -0.514409  0.459863   6.46461       -10   1.68938
Obs : 
3.96679 -4.19447 -1.84639 -0.296175 -0.592009 -0.749537 0 0 0 0.615392 -0.292158 -0.276401 1.89607 -10 -1.82383 -1.23242 -1.23998 3.04599 -1.14927 -0.113426 -0.491029 0.750537 1.03449 -10 -0.269243 -0.742823 -1.92628 0.898442 7.99831 -2.77971 2.78946 -6.57387 -0.83837 2.46302 -0.514409 0.459863 6.46461 -10 1.68938 
Torque : 
 -2.0628  2.45239 -6.61248 -1.98011       10  1.94239 -1.12805  3.92371      -10      -10
Obs : 
1.52036 -0.0290733 -3.29872 -0.267064 -0.58441 -0.766252 0 0 0 0.648174 -0.30976 0.0686191 1.78877 -9.07914 -1.73684 -1.62045 -1.89218 1.57357 1.77817 -0.0609772 -0.331246 1.30565 0.884739 5.49132 -0.212555 -0.805429 -1.79967 -0.187579 -2.64171 -2.0628 2.45239 -6.61248 -1.98011 10 1.94239 -1.12805 3.92371 -10 -10 
Torque : 
-2.94866 0.107126 -4.32841 -2.61675       10  2.02687  1.92838   3.5034      -10      -10
Obs : 
-1.82276 -3.73245 3.6108 -0.223069 -0.562151 -0.796384 0 0 0 0.724078 0.18129 0.287208 1.54529 10 -1.74562 -1.78811 -1.5349 -0.245579 -10 -0.0113061 0.184623 0.903243 0.914684 10 -0.138344 -0.734159 -0.765416 -1.95263 -8.48017 -2.94866 0.107126 -4.32841 -2.61675 10 2.02687 1.92838 3.5034 -10 -10 
Torque : 
  -2.3548   4.98273  -2.23638       -10  -2.81718   1.92057    6.7293 -0.478594   5.36343        10
Obs : 
-0.815659 0.077831 2.81455 -0.270803 -0.520924 -0.809508 0 0 0 0.739727 0.574647 0.0570257 1.22242 10 -1.60702 -1.61262 -0.914846 -1.7236 -6.2326 0.0142089 0.355537 0.626273 0.343629 10 -0.069682 -0.278672 -0.69615 -2.03192 6.59744 -2.3548 4.98273 -2.23638 -10 -2.81718 1.92057 6.7293 -0.478594 5.36343 10 
Torque : 
-2.28491  2.23764 -3.99279      -10 -8.98388  2.12646  4.24624  2.27486  9.19325       10
Obs : 
0.321895 -1.7573 9.99529 -0.291814 -0.487544 -0.822889 0 0 0 0.731025 0.806554 0.0677336 0.577953 10 -1.4328 -1.3609 -2.03701 1.18877 10 -0.042703 0.488194 0.340609 -1.00749 -2.90593 0.231815 -0.381275 -0.966235 0.410278 10 -2.28491 2.23764 -3.99279 -10 -8.98388 2.12646 4.24624 2.27486 9.19325 10 
Torque : 
-4.42145 -7.96717      -10      -10      -10  8.13255  7.41819 -4.14958      -10      -10
Obs : 
3.87297 -3.62339 10 -0.435296 -0.336439 -0.83506 0 0 0 0.688505 0.826317 -0.1227 -0.129601 -10 -1.34777 -1.31262 -2.09065 3.50879 10 -0.0522482 0.299724 0.238933 -0.728826 -10 0.10335 -0.200806 -0.775177 1.67698 6.86899 -4.42145 -7.96717 -10 -10 -10 8.13255 7.41819 -4.14958 -10 -10 
Torque : 
 -1.98936   2.38639  -8.92633  -5.84404        10   4.77527  -1.00243 -0.848457  -9.99561       -10
Obs : 
-4.25269 -1.38925 10 -0.50337 -0.171136 -0.846954 0 0 0 0.735574 0.699753 -0.458521 -0.707684 -10 -1.64351 -1.50569 -1.92741 3.683 -4.91304 0.00508803 0.150969 -0.346708 -0.605971 -10 -0.260655 -0.890888 -0.0134202 -0.0420759 -10 -1.98936 2.38639 -8.92633 -5.84404 10 4.77527 -1.00243 -0.848457 -9.99561 -10 
Torque : 
 1.37771 -0.28783  7.91661 -2.92556       10  4.15236  4.25685 -1.43866 -7.35172 -3.06341
Obs : 
0.0936607 -2.47058 10 -0.51574 -0.01453 -0.856622 0 0 0 0.678894 0.210047 -1.24839 0.0572919 -6.28327 -1.72278 -2.03861 -0.811115 2.63074 -10 -0.102979 -0.561901 -1.20505 0.918157 8.38934 -0.125596 -0.826703 1.19699 -0.583847 -10 1.37771 -0.28783 7.91661 -2.92556 10 4.15236 4.25685 -1.43866 -7.35172 -3.06341 
Torque : 
  1.25039   3.16189   4.35158  -5.43981 -0.760318    2.8876   2.59032  -4.31834  -6.81695    4.7178
Obs : 
4.30972 -1.84482 8.7874 -0.550838 0.0996886 -0.828637 0 0 0 0.469469 -0.055521 -1.22038 0.0536122 10 -1.59346 -2.02732 0.361116 1.53925 -10 -0.211184 -0.412704 -0.632625 0.631004 10 -0.0407697 -0.651532 1.79773 -1.42529 -5.28858 1.25039 3.16189 4.35158 -5.43981 -0.760318 2.8876 2.59032 -4.31834 -6.81695 4.7178 
Torque : 
0.524438 -1.06055 -2.25099  2.98294 -4.62646  2.42716  5.01806 -9.39427 -7.98817       10
Obs : 
3.11186 -0.0538577 1.99959 -0.584546 0.145097 -0.798281 0 0 0 0.424768 0.022912 -0.813841 -0.543694 10 -1.60184 -1.85294 1.32134 -0.398816 5.55745 -0.0842781 -0.254746 -0.382683 0.494988 10 -0.0617183 -0.189538 2.3684 -2.89209 10 0.524438 -1.06055 -2.25099 2.98294 -4.62646 2.42716 5.01806 -9.39427 -7.98817 10 
Torque : 
-1.26454 -7.44175 -2.25238   5.4974  -7.8774  3.04318   6.8092 -8.01591      -10      -10
Obs : 
1.87157 0.935947 -1.41828 -0.597804 0.0947325 -0.796025 0 0 0 0.688198 0.12236 -0.976847 0.253148 6.86514 -1.64856 -1.36972 1.51482 -1.44856 10 0.11446 -0.173061 -0.768365 2.49494 -10 -0.0464221 0.115442 1.92177 -2.53666 10 -1.26454 -7.44175 -2.25238 5.4974 -7.8774 3.04318 6.8092 -8.01591 -10 -10 
Torque : 
-3.35022 -8.87908 -2.28062  3.00043 -3.41339  1.96444  3.45489 -2.50726      -10      -10
Obs : 
2.21589 0.966965 -0.44127 -0.613185 0.0740834 -0.786458 0 0 0 0.84454 0.166927 -1.06488 1.1756 -10 -1.59819 -1.14621 0.949996 -0.0985482 -3.41123 0.207719 -0.0759765 -0.460392 2.79402 -10 -0.00242263 0.225495 0.182317 0.769786 -10 -3.35022 -8.87908 -2.28062 3.00043 -3.41339 1.96444 3.45489 -2.50726 -10 -10 
Torque : 
 -2.51924  -3.19154 -0.515471   4.07523   4.29308   2.33698  -3.67783    2.1287       -10   4.18309
Obs : 
4.36242 1.02442 -2.8936 -0.636164 -0.0172063 -0.771362 0 0 0 0.965173 0.237709 -0.698228 1.80778 -10 -1.61365 -0.941879 -0.050371 2.05179 -10 0.227679 -0.0293942 0.0526477 2.69451 -10 -0.0108258 0.302345 -0.376524 1.73461 -10 -2.51924 -3.19154 -0.515471 4.07523 4.29308 2.33698 -3.67783 2.1287 -10 4.18309 
Torque : 
  -2.81094   -2.82736  -0.843741   -1.30096   0.505563 -0.0339019   -2.13719    4.20578        -10    9.29723
Obs : 
3.99547 2.18502 0.706108 -0.654133 -0.0773655 -0.752412 0 0 0 1.00125 0.258655 -0.055239 2.098 -10 -1.61945 -0.869162 -0.553565 2.95964 -10 0.190151 -0.0340676 0.601399 2.52263 -10 -0.0180187 0.181249 -0.850135 1.39423 2.69546 -2.81094 -2.82736 -0.843741 -1.30096 0.505563 -0.0339019 -2.13719 4.20578 -10 9.29723 
Torque : 
-1.52734 0.787638 0.199892 -3.69193   4.1571  1.35085 0.469995  2.26979      -10  4.66197
Obs : 
2.16013 3.4232 9.404 -0.652204 -0.0477043 -0.756541 0 0 0 0.929787 0.214378 0.281627 2.49522 -7.00197 -1.56575 -1.15296 -0.376843 1.44008 10 0.135595 0.000298646 0.568779 2.47201 2.17329 0.00832909 0.0157362 -0.158619 -0.321007 10 -1.52734 0.787638 0.199892 -3.69193 4.1571 1.35085 0.469995 2.26979 -10 4.66197 
Torque : 
-2.10439  2.10557  1.61028      -10       10  3.31744  4.56907 -2.15737 -6.72703      -10
Obs : 
4.09066 2.78477 1.65585 -0.635522 -0.0427446 -0.770898 0 0 0 0.899748 0.265636 0.439159 2.50194 10 -1.65323 -1.12907 0.613748 -1.48223 8.72522 0.087851 0.00109855 0.598383 1.69062 10 -0.141201 0.0556258 0.0257265 -1.50121 -4.40914 -2.10439 2.10557 1.61028 -10 10 3.31744 4.56907 -2.15737 -6.72703 -10 
Torque : 
-1.44838      -10 -3.41831 -1.72729 -4.67571  1.28375 -1.95335  2.47185      -10      -10
Obs : 
6.23154 3.32612 -3.24668 -0.605772 -0.117662 -0.78689 0 0 0 0.851491 0.163129 0.890933 2.12003 10 -1.76674 -1.0649 -0.556706 1.11116 -10 0.00436567 -0.274164 0.95405 1.03222 10 -0.167865 0.14342 -0.816086 0.142478 -10 -1.44838 -10 -3.41831 -1.72729 -4.67571 1.28375 -1.95335 2.47185 -10 -10 
Torque : 
-1.14007  -5.5361 -1.66498  5.91986 0.207948 -1.33606 0.768002  7.35243 -7.52043       10
Obs : 
5.45055 5.05818 -1.23156 -0.55823 -0.211689 -0.802226 0 0 0 0.778336 -0.125548 1.29036 1.7764 10 -1.80106 -1.03874 -0.938684 2.46263 -10 -0.0434422 -0.376826 1.00282 0.765041 6.86262 -0.147128 0.0794728 -0.850411 0.646272 -9.69587 -1.14007 -5.5361 -1.66498 5.91986 0.207948 -1.33606 0.768002 7.35243 -7.52043 10 
Torque : 
0.258221 -3.18365 -1.61396  6.46336 -3.20595 0.166783 -1.04044  8.17723      -10       10
Obs : 
5.4319 7.42869 1.5535 -0.464639 -0.298962 -0.833506 0 0 0 0.715264 -0.215797 1.48273 1.85242 9.1736 -1.76163 -1.1932 -0.959004 2.70506 -2.90087 -0.112169 -0.309144 0.823445 0.632607 -2.97263 -0.115634 -0.263905 -0.546502 0.578807 10 0.258221 -3.18365 -1.61396 6.46336 -3.20595 0.166783 -1.04044 8.17723 -10 10 
Torque : 
-0.148231  -6.31261  -1.00516    5.8638  -3.37935    2.7648   3.92169        10       -10   1.31213
Obs : 
9.12713 5.30562 5.53865 -0.378213 -0.367816 -0.84951 0 0 0 0.558926 -0.0139647 1.53595 2.37102 -5.56421 -1.58315 -1.56868 -0.0853296 2.09834 10 -0.167676 -0.00690879 0.726039 1.41696 -10 0.037487 -0.334919 0.433369 0.0948844 10 -0.148231 -6.31261 -1.00516 5.8638 -3.37935 2.7648 3.92169 10 -10 1.31213 
Torque : 
-2.43391  2.67797  2.14155 -2.19951       10  1.34125  3.86616  3.35336      -10      -10
Obs : 
8.39576 1.68365 1.83851 -0.298555 -0.454102 -0.839438 0 0 0 0.491814 0.211766 1.41761 2.71301 -3.20128 -1.4726 -1.5106 0.897452 0.870662 10 -0.169722 0.0979247 0.498469 1.43502 1.41051 0.0472956 -0.0800932 0.962726 -0.576366 2.43618 -2.43391 2.67797 2.14155 -2.19951 10 1.34125 3.86616 3.35336 -10 -10 
Torque : 
  -2.3718  0.514763    0.3232  -1.03189        10  0.393873   1.20079 -0.597839       -10       -10
Obs : 
6.52845 -0.427037 0.153813 -0.237578 -0.537288 -0.809246 0 0 0 0.600916 0.242815 1.26251 2.70569 10 -1.74819 -1.27224 1.39992 -0.400036 -10 -0.0383577 0.0108045 0.357179 0.820623 9.15873 -0.0803339 0.0389763 0.327415 1.46385 -10 -2.3718 0.514763 0.3232 -1.03189 10 0.393873 1.20079 -0.597839 -10 -10 
Torque : 
-0.349571  -7.20772  -3.46765        10  -1.89749  0.873595    -1.293  0.417686       -10        10
Obs : 
6.46379 -0.461337 -3.82259 -0.139502 -0.618344 -0.773427 0 0 0 0.700282 0.00650472 1.45867 2.79322 10 -1.82394 -1.11419 1.34356 -0.27108 -10 0.013811 -0.156832 0.54538 0.808492 8.78028 -0.0872384 0.158353 0.372673 0.836099 -4.94374 -0.349571 -7.20772 -3.46765 10 -1.89749 0.873595 -1.293 0.417686 -10 10 
Torque : 
-0.675367   -7.4656  -4.50363        10   0.32484 -0.796503   -1.5666   3.45258  -9.77852        10
Obs : 
1.82981 1.3597 -0.51696 -0.0562869 -0.658577 -0.750406 0 0 0 0.640275 -0.0400598 1.43117 2.89789 10 -1.78764 -1.0549 1.32552 -0.0468449 4.93374 -0.148603 -0.0101291 0.138238 0.764112 6.37214 -0.0737012 0.064542 -0.21318 3.40929 10 -0.675367 -7.4656 -4.50363 10 0.32484 -0.796503 -1.5666 3.45258 -9.77852 10 
Torque : 
0.215648 -9.52471 -5.76321  3.29384      -10  1.24605  4.42355  5.10277      -10  2.85279
Obs : 
3.10872 1.58995 -5.09075 0.00426345 -0.663707 -0.747981 0 0 0 0.555856 0.0698491 1.01284 2.66574 4.3716 -1.74862 -1.09083 1.50042 -0.295022 10 -0.245134 -0.0403222 -0.136607 0.0363349 -10 0.0534681 0.00888469 -0.00626315 2.51313 10 0.215648 -9.52471 -5.76321 3.29384 -10 1.24605 4.42355 5.10277 -10 2.85279 
Torque : 
-1.96194      -10 -3.03094 -5.33888      -10 -0.15413  6.73464  4.16622      -10      -10
Obs : 
1.78852 2.77571 -6.37354 0.131552 -0.650725 -0.74783 0 0 0 0.572594 -0.088381 0.646766 2.73441 -10 -1.5998 -1.21291 1.66662 -0.564043 10 -0.279181 -0.217127 -0.397913 -0.130244 -10 0.22125 -0.340493 -0.261484 2.34588 4.01187 -1.96194 -10 -3.03094 -5.33888 -10 -0.15413 6.73464 4.16622 -10 -10 
Torque : 
-4.31047 0.913177   4.1523 -7.81846  8.36081 0.710504   7.5495 -1.28502  1.40572      -10
Obs : 
4.62345 -0.321412 -10 0.281349 -0.632056 -0.722044 0 0 0 0.592319 -0.0940533 0.387992 1.54527 -10 -1.58952 -1.67406 0.89789 0.882862 -10 -0.081017 -0.10737 -0.0735418 -1.29028 -7.35346 0.198576 -0.480118 -0.957202 3.90739 -10 -4.31047 0.913177 4.1523 -7.81846 8.36081 0.710504 7.5495 -1.28502 1.40572 -10 
Torque : 
 -4.07741 0.0851145  -1.88078   1.94767   9.09406  -1.27365  -1.89036   6.45919       -10 0.0792056
Obs : 
-2.7959 5.65924 -1.15411 0.415402 -0.578307 -0.702141 0 0 0 0.749674 0.00543983 0.834999 -0.682388 8.97042 -1.58735 -1.77875 0.715664 1.55364 -10 0.0747262 0.0726386 0.0870992 -3.11192 10 0.154813 -0.405948 -0.609178 3.53993 -10 -4.07741 0.0851145 -1.88078 1.94767 9.09406 -1.27365 -1.89036 6.45919 -10 0.0792056 
Torque : 
 0.739323   2.60532  -3.82032  -2.17418       -10   1.70967 -0.917217        10  -3.19836        10
Obs : 
-1.35134 7.59685 4.07098 0.442743 -0.538323 -0.717068 0 0 0 0.853683 0.0732796 0.0607599 -0.438525 10 -1.59199 -1.75605 1.19134 1.09918 -10 0.0927782 -0.017651 -0.865838 -1.83801 6.87512 0.126637 -0.325583 0.106657 1.56711 0.638345 0.739323 2.60532 -3.82032 -2.17418 -10 1.70967 -0.917217 10 -3.19836 10 
Torque : 
 2.29757 -1.36289 -4.97462 0.645839      -10  3.13218  1.34389       10 -1.28304       10
Obs : 
-2.80633 8.87795 -8.19167 0.477751 -0.456514 -0.750566 0 0 0 0.851907 -0.0227066 -1.05746 0.590763 -0.49258 -1.62289 -1.6547 1.72062 -0.106067 10 0.108835 0.23157 -1.35386 -0.227805 -10 -0.0450907 -0.0916229 -0.192751 1.53579 10 2.29757 -1.36289 -4.97462 0.645839 -10 3.13218 1.34389 10 -1.28304 10 
Torque : 
-1.97599 -4.33659       10      -10 -4.72088  1.81684       10  7.02606  6.29438  -4.9986
Obs : 
1.23987 9.76773 -4.42315 0.580147 -0.283563 -0.763559 0 0 0 0.965488 0.509905 -1.42401 0.758598 -10 -1.69929 -1.24962 1.18273 0.273486 10 0.205321 0.60587 -0.97086 -0.307404 -10 -0.0884206 0.277203 -0.695051 2.0759 10 -1.97599 -4.33659 10 -10 -4.72088 1.81684 10 7.02606 6.29438 -4.9986 
Torque : 
 -3.40629 -0.259932        10  -4.39972        10   1.56008        10  0.910352   1.98479  -6.71729
Obs : 
4.01388 8.42414 -8.31138 0.67323 -0.126472 -0.728537 0 0 0 1.05277 0.880339 -0.717319 -0.442622 -10 -1.75513 -0.815598 0.509759 1.03639 10 0.116213 0.708056 0.433908 -1.83947 -7.36404 -0.0926856 0.550887 -1.30721 2.87264 8.29431 -3.40629 -0.259932 10 -4.39972 10 1.56008 10 0.910352 1.98479 -6.71729 
Torque : 
 -4.13503   3.75775        10 -0.353614        10  0.189833   6.85505  -1.21596 -0.509499       -10
Obs : 
3.74114 3.96476 -7.86068 0.733436 -0.000522728 -0.679758 0 0 0 0.985016 0.952291 -0.392956 0.701778 10 -1.74364 -0.457074 -0.329317 1.54294 -2.87818 -0.033456 0.609174 0.498269 0.626579 10 -0.0344669 0.741608 -1.91265 1.51353 -10 -4.13503 3.75775 10 -0.353614 10 0.189833 6.85505 -1.21596 -0.509499 -10 
Torque : 
-2.69134 -9.58846    5.089  6.06526 -8.60077 -1.16899 -1.79929  8.94892      -10 -4.44058
Obs : 
2.15148 1.37169 -4.77629 0.76034 0.072261 -0.645494 0 0 0 0.801544 0.896772 0.518315 1.24114 10 -1.64059 -0.128425 -1.15431 1.55149 -10 -0.140698 0.42589 1.21755 0.835666 10 0.0485301 0.836448 -1.92214 0.662644 -10 -2.69134 -9.58846 5.089 6.06526 -8.60077 -1.16899 -1.79929 8.94892 -10 -4.44058 
Torque : 
-0.954226  -4.60964 -0.991906   3.23436  -2.82045  -1.99106  -1.76492        10  -4.57733        10
Obs : 
-2.50585 0.281277 -0.360192 0.75676 0.1087 -0.644592 0 0 0 0.717777 0.823806 1.57359 1.16964 10 -1.58483 0.0249248 -1.15935 0.313322 -10 -0.151005 0.315454 1.75706 0.13476 1.94858 0.0643609 0.696795 -0.942519 -1.33202 -4.0164 -0.954226 -4.60964 -0.991906 3.23436 -2.82045 -1.99106 -1.76492 10 -4.57733 10 
Torque : 
0.0275464    1.9529  0.134042  -3.34612  -9.36346 -0.713328  -3.17829   4.79048   3.22213        10
Obs : 
-4.42384 7.62277 6.84827 0.756633 0.101533 -0.645908 0 0 0 0.804605 0.890665 1.96036 0.894149 -4.04838 -1.56189 -0.0772596 -0.979807 0.0905812 9.28406 -0.0073222 0.407276 0.859963 0.481654 -10 0.121738 0.410832 -0.822479 -0.18827 10 0.0275464 1.9529 0.134042 -3.34612 -9.36346 -0.713328 -3.17829 4.79048 3.22213 10 
Torque : 
  -0.884791      -7.503     7.63358    -7.80104     1.14013     3.61832          10          10 -0.00562477    -0.66488
Obs : 
-7.87824 7.2888 8.45681 0.732518 0.0773818 -0.676336 0 0 0 1.03497 1.22688 1.21252 1.49471 -10 -1.54251 -0.151128 -0.823274 1.33874 10 0.114223 0.506612 0.21128 0.842417 -10 0.102405 0.30801 -0.269688 0.765212 10 -0.884791 -7.503 7.63358 -7.80104 1.14013 3.61832 10 10 -0.00562477 -0.66488 
Torque : 
-0.476604  -1.84086        10       -10        10   4.02407        10   8.60181   7.15029   3.13361
Obs : 
-9.64447 5.76292 5.90664 0.638706 0.0320406 -0.768784 0 0 0 1.1128 1.33505 0.7757 1.31608 -9.94368 -1.51552 -0.136111 0.0448694 2.02148 10 0.0928096 0.465648 0.217741 -0.142308 -0.403303 0.138542 0.315825 0.697083 1.01821 10 -0.476604 -1.84086 10 -10 10 4.02407 10 8.60181 7.15029 3.13361 
Torque : 
-0.147841  -1.95571        10       -10        10   3.16856   8.83937   5.01885   9.86434   5.44105
Obs : 
-9.31515 5.59414 4.63453 0.493859 -0.00764247 -0.869508 0 0 0 1.04767 1.2247 1.02324 -0.146948 10 -1.43998 0.0296191 1.34699 2.43549 10 0.0269859 0.174117 0.846022 -2.00616 10 0.124827 0.398826 1.64367 1.19731 9.00212 -0.147841 -1.95571 10 -10 10 3.16856 8.83937 5.01885 9.86434 5.44105 
Torque : 
 1.75208      -10  4.30613      -10      -10  3.26715       10       10 -1.69162  5.26308
Obs : 
-9.24879 7.73271 8.33327 0.282453 -0.0557338 -0.957661 0 0 0 1.05564 0.998625 1.07897 -1.80645 10 -1.4687 0.134318 2.29759 2.85304 10 0.0329163 0.0236214 0.419606 -2.07908 3.24115 0.123621 0.406483 1.797 1.20813 4.57087 1.75208 -10 4.30613 -10 -10 3.26715 10 10 -1.69162 5.26308 
Torque : 
 2.92003      -10  6.16248      -10      -10  3.22773       10       10 -1.78609  2.65202
Obs : 
-10 8.15729 10 0.0501954 -0.070738 -0.996231 0 0 0 1.0745 0.883393 -0.32564 0.545437 -5.81256 -1.41242 0.234209 2.58849 2.99488 10 0.15423 -0.15343 -2.33146 4.23796 -10 0.111792 0.363592 1.59414 1.08411 1.1462 2.92003 -10 6.16248 -10 -10 3.22773 10 10 -1.78609 2.65202 
Torque : 
1.96158 2.26696      10     -10  9.0788 2.29828      10 4.21642      10 1.81769
Obs : 
-10 4.43398 10 -0.190014 -0.146096 -0.97085 0 0 0 1.08057 0.46071 -1.32403 3.2262 -10 -1.35712 0.260398 2.6064 3.00638 10 0.169334 -0.491988 -2.53332 5.19812 -10 0.106136 0.306482 1.27758 0.909743 -1.26993 1.96158 2.26696 10 -10 9.0788 2.29828 10 4.21642 10 1.81769 
Torque : 
 2.66008  6.63752       10      -10       10   1.1117  6.80169 -3.22865  9.14116  1.13708
Obs : 
2.61171 8.47294 -2.14426 -0.372838 -0.160631 -0.913887 0 0 0 1.1269 0.880748 -1.28807 3.30802 -0.0245718 -1.31121 0.284173 2.50462 2.96511 8.58169 -0.0719572 0.935529 -0.326207 1.63899 10 0.240203 0.337821 0.965508 0.634286 -2.88597 2.66008 6.63752 10 -10 10 1.1117 6.80169 -3.22865 9.14116 1.13708 
Torque : 
-1.20032 -1.32076       10      -10  5.24245 -1.67052  6.58362  -3.9569 -3.80661      -10
Obs : 
-10 10 10 -0.545058 -0.147396 -0.82534 0 0 0 0.831853 0.802381 0.978775 -2.91549 10 -1.28943 0.123934 2.28348 2.54827 -3.9245 -0.124914 -0.565714 -0.743599 -1.86329 10 -0.00453843 -0.159297 0.411107 -0.100592 -10 -1.20032 -1.32076 10 -10 5.24245 -1.67052 6.58362 -3.9569 -3.80661 -10 
Torque : 
 3.44231   4.0689       10      -10      -10  3.36582  2.73866  0.62553 0.837281  3.03106
Obs : 
-9.04097 10 0.746481 -0.715657 -0.129134 -0.686411 0 0 0 0.340492 -0.204857 0.176373 -5.19972 10 -1.25098 -0.1362 1.9682 1.9063 -10 -0.351102 -0.655622 -1.40035 -2.43377 0.679449 0.0873468 -0.184639 0.202487 -0.994491 -10 3.44231 4.0689 10 -10 -10 3.36582 2.73866 0.62553 0.837281 3.03106 
Torque : 
  4.66412   8.29153        10        10  -1.46665 -0.432311       -10   -7.6763       -10        10
Obs : 
-10 10 -3.70922 -0.810757 -0.142443 -0.567788 0 0 0 0.294663 -0.213507 -1.26696 -4.62366 -0.765684 -1.08647 -0.231259 1.90597 0.553421 -1.50499 -0.258205 -0.56813 -2.53542 -0.710971 -10 0.235225 -0.413683 0.0618781 -1.02552 4.90533 4.66412 8.29153 10 10 -1.46665 -0.432311 -10 -7.6763 -10 10 
Torque : 
  3.5508  2.57136       10       10       10 0.101076 -9.80211 -8.99934      -10    -3.88
Obs : 
-10 6.04221 -10 -0.747332 -0.310975 -0.587188 0 0 0 0.449826 -0.15873 -2.55054 -2.80741 -6.04602 -1.04951 -1.07676 1.47189 0.00976265 10 0.262227 -0.244192 -2.63787 0.668966 -4.5883 0.0162978 -1.33987 -0.40846 -1.27784 9.6489 3.5508 2.57136 10 10 10 0.101076 -9.80211 -8.99934 -10 -3.88 
Torque : 
0.0797933   2.96347        10        10        10   2.59664  -4.47879       -10       -10  -8.19738
Obs : 
8.46336 -7.33756 3.0223 -0.655393 -0.369119 -0.658948 0 0 0 1.31949 0.262378 -2.92128 0.130617 9.67568 -1.43271 -2.12347 0.822595 0.075037 8.96317 0.940845 0.425285 -2.32985 4.70371 5.79761 -0.285195 -1.39608 -0.19939 -1.53011 -3.76 0.0797933 2.96347 10 10 10 2.59664 -4.47879 -10 -10 -8.19738 
Torque : 
-5.76664 -6.70679      -10  2.88004  3.66465  5.23122 -8.74968 -1.37928      -10      -10
Obs : 
-10 6.08839 -10 -0.485907 -0.53576 -0.690547 0 0 0 1.73529 0.308838 -2.43979 3.12371 10 -1.68926 -1.97938 0.281998 0.11844 -10 0.993189 -0.528084 -1.38935 5.74825 -0.321581 -0.418453 -1.05011 -0.91883 -0.799359 -10 -5.76664 -6.70679 -10 2.88004 3.66465 5.23122 -8.74968 -1.37928 -10 -10 
Torque : 
 -1.29336        10    8.7567  -7.52187       -10 -0.796082   -5.4591  -3.48544  -1.68382        10
Obs : 
-10 9.16826 -2.06298 -0.192417 -0.622842 -0.758317 0 0 0 1.97506 -0.0621189 -1.99232 4.46512 4.67622 -1.80753 -1.72347 0.140816 -0.805296 -10 0.966671 -0.298715 -0.84074 5.16204 -10 -0.418498 -0.542313 -0.690567 -1.30513 -3.77723 -1.29336 10 8.7567 -7.52187 -10 -0.796082 -5.4591 -3.48544 -1.68382 10 
Torque : 
 1.15939       10       10      -10      -10  0.49985 -5.04752  5.61533  9.68455       10
Obs : 
-10 1.5696 -10 0.0713428 -0.620203 -0.781191 0 0 0 1.63658 1.44484 -0.599965 3.31896 -10 -1.81432 -1.35814 -0.584095 0.672679 9.22901 0.155934 1.45025 1.30432 3.10813 -10 -0.139405 -0.230245 -1.19574 0.0349075 10 1.15939 10 10 -10 -10 0.49985 -5.04752 5.61533 9.68455 10 
Torque : 
-5.07008 -8.08781 0.841075      -10       10  2.02414  7.64526 -2.91003    4.999  -7.6878
Obs : 
-10 -1.22589 -9.66511 0.449799 -0.30808 -0.838312 0 0 0 1.11372 2.28306 1.51328 2.39439 -10 -1.51421 -0.784065 -1.4989 2.54978 10 -0.100455 1.51415 1.92445 2.24602 -10 0.0858146 0.520745 -1.54443 1.25386 10 -5.07008 -8.08781 0.841075 -10 10 2.02414 7.64526 -2.91003 4.999 -7.6878 
Torque : 
    -3.58  -9.76969  -7.39689       -10        10 -0.592469   2.36864  -4.24849  -2.26899   -9.7868
Obs : 
-10 1.98281 -1.28514 0.600913 -0.0906631 -0.794156 0 0 0 0.917543 2.48246 2.11631 2.1317 -8.60877 -1.30183 -0.273169 -1.7921 3.55419 6.65292 -0.180005 1.34169 1.86266 1.7472 -7.72625 0.159405 0.292521 -1.15018 1.18963 -9.02336 -3.58 -9.76969 -7.39689 -10 10 -0.592469 2.36864 -4.24849 -2.26899 -9.7868 
Torque : 
 -1.46684       -10 -0.278775       -10        10  0.284826   5.00262 -0.307993       -10  -7.25295
Obs : 
-10 -2.45138 -4.1462 0.729675 0.0938486 -0.677323 0 0 0 0.839285 2.51145 2.31052 1.9966 0.0285047 -1.14666 -0.593595 -1.16037 1.41032 -10 -0.175458 1.11505 1.64208 1.32862 3.86009 0.26503 0.199399 0.302673 -1.52755 -10 -1.46684 -10 -0.278775 -10 10 0.284826 5.00262 -0.307993 -10 -7.25295 
Torque : 
-0.503569  -3.11147  -2.48958       -10  -7.98365 -0.643692  -1.33653 -0.108844   1.12988        10
Obs : 
-10 -9.39167 -1.22491 0.68409 0.239658 -0.688901 0 0 0 0.831393 2.49872 2.37964 1.8457 7.14 -1.00858 -0.613096 0.575368 -2.32489 -10 -0.147031 0.920982 1.39945 1.03006 1.24943 0.295734 0.147216 0.703633 -2.90299 -9.71183 -0.503569 -3.11147 -2.48958 -10 -7.98365 -0.643692 -1.33653 -0.108844 1.12988 10 
Torque : 
-1.33158  7.10314 0.644702      -10      -10 -1.26741 -1.75893      -10       10       10
Obs : 
-6.69212 -10 -7.85127 0.558322 0.375153 -0.739957 0 0 0 0.833774 2.48813 2.40395 1.5901 -4.92074 -0.938629 -0.669116 0.0548286 -2.75375 0.129081 -0.110779 0.759657 1.17824 0.370346 -10 0.287661 0.0611947 -0.290363 -0.938134 10 -1.33158 7.10314 0.644702 -10 -10 -1.26741 -1.75893 -10 10 10 
Torque : 
  -1.76974    -2.1923        -10        -10    5.11368  0.0240757 -0.0772613   -3.61582    9.41934    3.43161
Obs : 
2.2177 -10 10 0.368814 0.368058 -0.853528 0 0 0 0.900728 2.47484 2.42195 0.426759 -10 -0.650932 -1.03349 -1.32606 1.80493 10 -0.0316054 0.622847 0.993138 -0.850738 -9.44051 0.558157 -0.438213 0.00692641 1.85851 10 -1.76974 -2.1923 -10 -10 5.11368 0.0240757 -0.0772613 -3.61582 9.41934 3.43161 
Torque : 
  1.17928  -3.93137  -9.96684       -10        10   1.43357   3.79313  -7.13276   3.63517 0.0445532
Obs : 
3.59846 -8.36509 10 0.265629 0.0954606 -0.959337 0 0 0 0.904423 2.45698 2.4174 -0.900713 -0.665726 -0.510566 -1.61753 -0.838893 3.72058 10 -0.104675 0.487288 0.78439 -0.858316 9.85564 0.559315 -0.745118 0.40289 2.57566 10 1.17928 -3.93137 -9.96684 -10 10 1.43357 3.79313 -7.13276 3.63517 0.0445532 
Torque : 
0.609205  -8.6289 -8.18548      -10  3.38871   1.0675   5.6203 -8.18809      -10      -10
Obs : 
0.75307 1.70505 10 0.302403 0.0410258 -0.952297 0 0 0 0.695567 2.38785 2.23327 0.345729 10 -0.571465 -1.89886 -0.516292 4.27565 9.94463 -0.188599 0.325727 0.495344 -0.0615679 10 0.396279 -0.675509 0.929694 1.06909 -4.39502 0.609205 -8.6289 -8.18548 -10 3.38871 1.0675 5.6203 -8.18809 -10 -10 
Torque : 
 1.05505      -10 -1.18625      -10      -10   3.1698       10 -1.93717      -10      -10
Obs : 
-5.38719 3.66691 10 0.311682 -0.0333863 -0.9496 0 0 0 0.538323 2.23255 1.84766 1.27629 9.56156 -0.529755 -1.63441 1.47492 0.320547 -10 -0.284184 0.130716 -0.0307243 0.550241 0.231579 0.114558 -0.47777 2.94343 -4.46698 -10 1.05505 -10 -1.18625 -10 -10 3.1698 10 -1.93717 -10 -10 
Torque : 
  2.33138       -10    -5.717 -0.158405       -10   4.62835  0.872178   8.00009  -3.86603        10
Obs : 
1.02369 -6.48907 10 0.170965 -0.247181 -0.953767 0 0 0 0.445037 2.08445 1.08906 1.48072 -4.41584 -0.838883 -1.70114 2.66671 -4.10899 2.36789 -0.228675 -0.14115 -1.36936 0.981402 -10 0.00308039 -0.305027 2.89261 -5.10464 8.62265 2.33138 -10 -5.717 -0.158405 -10 4.62835 0.872178 8.00009 -3.86603 10 
Torque : 
-2.04493      -10 -7.37465 -5.54247  3.10758  4.31879  3.39896 -4.71275      -10       10
Obs : 
5.10006 9.0316 10 0.0098537 -0.235555 -0.971811 0 0 0 0.616976 1.60966 -1.14584 1.61202 -10 -1.0116 -1.42182 2.98759 -4.71286 10 -0.0617748 -0.637012 -2.97417 0.176127 -9.80496 -0.126662 0.0579955 2.56675 -4.06565 10 -2.04493 -10 -7.37465 -5.54247 3.10758 4.31879 3.39896 -4.71275 -10 10 
Torque : 
 -1.47039 -0.430995        10  -4.15273        10  0.987107  0.134311   3.85596       -10  -2.71436
Obs : 
-5.10275 10 10 -0.341657 -0.144266 -0.928686 0 0 0 0.662061 1.09105 -1.8481 -1.10925 -0.843862 -1.04392 -0.946327 3.11028 -4.2187 10 -0.125828 -0.64626 -2.26567 -2.03991 9.05056 -0.0446093 0.449365 2.18795 -2.87754 9.47261 -1.47039 -0.430995 10 -4.15273 10 0.987107 0.134311 3.85596 -10 -2.71436 
Torque : 
 1.65288 -1.75373       10 -1.95626       10  2.39198  4.16155 -2.13375  7.54126 -1.24802
Obs : 
-3.51719 4.80738 10 -0.507424 -0.0858176 -0.857413 0 0 0 0.347295 1.1248 -1.65902 -1.48768 10 -0.82767 -0.517635 3.09338 -3.54712 10 -0.375121 -0.416377 -1.76746 -0.926977 10 0.213314 0.704958 1.75791 -1.76774 4.34636 1.65288 -1.75373 10 -1.95626 10 2.39198 4.16155 -2.13375 7.54126 -1.24802 
Torque : 
0.999024      -10       10 -6.14948      -10  3.32007  2.10222      -10 -6.81477   -6.726
Obs : 
-2.10487 2.04894 4.07836 -0.541169 -0.0557483 -0.839064 0 0 0 0.0917444 1.30946 -1.47493 -0.0661469 10 -0.498976 0.0729441 2.90834 -2.27161 1.63322 -0.518483 -0.12162 -0.907903 -0.601353 -0.873109 0.422613 1.13831 1.22594 0.386162 -10 0.999024 -10 10 -6.14948 -10 3.32007 2.10222 -10 -6.81477 -6.726 
Torque : 
-0.251002       -10    8.9619   2.29289       -10    1.3648  -6.96231  -8.94561  -5.97219        10
Obs : 
-4.72091 -1.27494 -10 -0.411227 -0.180956 -0.893391 0 0 0 0.312315 1.42995 -0.248097 -0.105495 -10 -0.282417 0.416137 2.42159 1.14714 -6.89168 -0.157745 0.0333363 0.852972 -1.29574 -10 0.694878 0.810691 0.741177 2.41634 -4.23057 -0.251002 -10 8.9619 2.29289 -10 1.3648 -6.96231 -8.94561 -5.97219 10 
Torque : 
 -4.40103  -4.94575  -2.31375       -10        10 -0.357864   2.54008  -3.13026  -9.03597   1.70144
Obs : 
-1.7572 2.71409 5.63667 -0.414339 -0.296712 -0.860398 0 0 0 0.610313 1.21939 1.04443 -1.49569 -10 -0.0841692 -0.21161 2.16841 3.24155 6.52077 0.0934708 -0.392159 1.00467 -1.38969 -5.37247 0.514625 0.231558 0.427246 3.1135 5.12604 -4.40103 -4.94575 -2.31375 -10 10 -0.357864 2.54008 -3.13026 -9.03597 1.70144 
Torque : 
 2.11873  2.98677   8.5458 -5.98626       10 -1.26671  8.69661 -4.30449  2.55197  -3.1814
Obs : 
-2.38666 1.83911 10 -0.485317 -0.207361 -0.849393 0 0 0 0.90392 0.907297 0.382452 0.675288 4.38928 -0.50041 -0.422883 1.99649 4.12017 10 0.413452 -0.443204 -0.195168 2.45987 10 -0.17758 0.16177 0.259372 2.95833 5.18939 2.11873 2.98677 8.5458 -5.98626 10 -1.26671 8.69661 -4.30449 2.55197 -3.1814 
Torque : 
  2.45944  0.165991   4.59625       -10  -8.22121 0.0162849        10  -5.28327   2.47737       -10
Obs : 
-2.47912 5.68883 10 -0.547977 -0.123953 -0.827259 0 0 0 1.12137 0.830039 0.386986 1.11173 10 -1.00704 -0.401352 1.84378 4.04212 3.73169 0.41903 -0.288486 0.180342 1.50842 10 -0.423923 0.156632 -0.0265704 1.40593 -9.12833 2.45944 0.165991 4.59625 -10 -8.22121 0.0162849 10 -5.28327 2.47737 -10 
Torque : 
 0.843877   -5.9834   5.14585       -10       -10     3.265        10 -0.258218  -6.10909  -6.43122
Obs : 
-6.8955 10 10 -0.60794 -0.0960536 -0.788152 0 0 0 1.13943 0.874088 0.635267 -0.0165443 10 -1.0654 -0.0134574 1.15876 1.92631 -9.83234 0.280186 -0.138888 -0.223372 0.373606 4.7461 -0.138644 0.444279 -0.377917 -1.27487 -10 0.843877 -5.9834 5.14585 -10 -10 3.265 10 -0.258218 -6.10909 -6.43122 
Torque : 
 1.71071 -4.16385  3.35163 -5.30457      -10  4.83551 -1.95731       10  1.70133       10
Obs : 
-10 10 5.85614 -0.48091 -0.0782664 -0.87327 0 0 0 1.18398 0.909892 -0.227613 -0.103922 -10 -1.61028 -0.960085 1.46676 -1.38472 -8.53648 0.244643 -0.0832081 -0.262522 -0.771498 -10 -1.13644 -0.38814 -0.886547 -3.32749 -5.62549 1.71071 -4.16385 3.35163 -5.30457 -10 4.83551 -1.95731 10 1.70133 10 
Torque : 
 1.83108       10       10      -10       10  4.58125 -3.24983 0.585539       10  2.25418
Obs : 
-10 5.95002 10 -0.116154 -0.0131362 -0.993144 0 0 0 1.06084 1.17963 -0.662207 -0.843625 -10 -1.95881 -1.27391 1.25571 -2.43378 4.61554 -0.00101619 0.399505 -0.358373 -1.46371 -5.7271 -0.76365 -0.495014 -0.613206 -2.21011 4.8005 1.83108 10 10 -10 10 4.58125 -3.24983 0.585539 10 2.25418 
Torque : 
 3.00647  7.59666       10 -5.41261       10  4.44148  4.03279  -4.6459       10 -2.87369
Obs : 
-10 4.38454 7.11937 0.198061 0.137702 -0.970469 0 0 0 0.946666 1.77962 -1.61886 0.307516 -1.0863 -1.76444 -1.34836 0.760022 -0.361661 10 -0.228737 0.697823 -1.4423 3.4106 10 -0.567274 -0.299986 -1.99724 1.8601 4.82336 3.00647 7.59666 10 -5.41261 10 4.44148 4.03279 -4.6459 10 -2.87369 
Torque : 
 3.44677 -4.71015       10      -10       10  4.35873  4.29971 -3.62451       10  5.82296
Obs : 
-9.80391 -10 -10 0.317184 0.397662 -0.860964 0 0 0 0.466623 1.95656 -0.238759 1.05385 10 -1.76531 -0.421552 -1.18221 1.68262 10 -0.545624 0.624947 0.277262 2.53739 10 -0.36834 0.979679 -2.5961 1.16764 3.60465 3.44677 -4.71015 10 -10 10 4.35873 4.29971 -3.62451 10 5.82296 
Torque : 
 -7.33031 -0.230054       -10       -10       -10     4.532   4.88318       -10   1.08628       -10
Obs : 
2.51285 -10 0.881845 0.1824 0.583287 -0.791521 0 0 0 0.301533 1.90695 1.1506 -0.783876 10 -1.56932 0.421917 -0.546129 -0.934547 -4.03662 -0.294686 0.327536 0.634755 0.58422 10 -0.0177747 0.915452 -1.42523 -1.31885 -10 -7.33031 -0.230054 -10 -10 -10 4.532 4.88318 -10 1.08628 -10 
Torque : 
 -3.9048  4.54505      -10      -10  -4.0497  3.25312 -2.35607  4.36922  2.83797  1.77307
Obs : 
9.08092 -10 9.71786 0.0253189 0.630113 -0.776091 0 0 0 0.606361 1.71712 0.516606 0.0214894 5.44369 -1.40299 0.461205 -0.74884 -0.392069 -10 0.225023 0.00565062 -0.970787 2.86902 -9.46762 -0.0393006 0.74284 -1.60726 -0.143142 -10 -3.9048 4.54505 -10 -10 -4.0497 3.25312 -2.35607 4.36922 2.83797 1.77307 
Torque : 
-4.62653  2.60278      -10 -2.84972  -2.2901  3.24479 -3.24427  3.14851 -7.63501       10
Obs : 
8.34077 -10 10 -0.0139312 0.550699 -0.834588 0 0 0 0.963896 1.30042 -0.648223 1.28738 -10 -1.39884 0.246805 -0.701221 -0.625539 -10 0.328157 -0.309656 -1.17104 2.61845 -10 -0.00197325 0.208486 -1.03049 -1.24994 0.473303 -4.62653 2.60278 -10 -2.84972 -2.2901 3.24479 -3.24427 3.14851 -7.63501 10 
Torque : 
-5.23557 -1.44645 -1.88431 -7.55777  1.25437  4.63949  1.56167 -4.17216      -10       10
Obs : 
10 -10 10 -0.0725512 0.332025 -0.940476 0 0 0 1.0266 1.13899 -0.739887 1.22391 -10 -1.43361 -0.364501 -0.945512 -0.0588869 10 0.242936 -0.174403 -0.819672 1.88738 -10 -0.075978 -0.305716 -0.778006 -1.9265 10 -5.23557 -1.44645 -1.88431 -7.55777 1.25437 4.63949 1.56167 -4.17216 -10 10 
Torque : 
 -4.56011   1.59497       -10       -10        10   6.74314  -3.56612 -0.420697  -3.29909       -10
Obs : 
10 -10 10 -0.0931848 0.00335407 -0.995643 0 0 0 0.973288 1.23012 -0.721471 0.28608 -4.38814 -1.4934 -1.01388 -0.672124 -0.461881 10 0.131846 -0.211839 -0.506014 -0.732649 10 -0.06926 -0.771735 -0.302811 -2.0795 6.52501 -4.56011 1.59497 -10 -10 10 6.74314 -3.56612 -0.420697 -3.29909 -10 
Torque : 
-5.11866  2.37328      -10      -10  7.19694  7.62702 -7.58891  1.79275 -8.56286      -10
Obs : 
10 -10 10 -0.0887097 -0.355022 -0.93064 0 0 0 0.736498 0.704128 -0.772141 -0.66347 10 -1.6358 -1.61256 -0.623753 -0.130653 -3.83841 -0.105337 -0.901448 -0.990439 0.274967 10 -0.333657 -1.1596 -0.167803 -2.22871 -10 -5.11866 2.37328 -10 -10 7.19694 7.62702 -7.58891 1.79275 -8.56286 -10 
Torque : 
-4.07085  2.57212      -10  7.05436  1.92993  4.80162 -8.06452  6.16379      -10       10
Obs : 
2.03978 -10 4.15952 -0.163093 -0.600071 -0.783144 0 0 0 0.41392 -0.178148 -1.37202 0.837839 10 -1.67115 -1.92269 -0.101181 -0.958576 -10 -0.281807 -1.21735 -1.03485 1.31286 10 -0.223084 -1.08188 -0.0117568 -2.50326 -10 -4.07085 2.57212 -10 7.05436 1.92993 4.80162 -8.06452 6.16379 -10 10 
Torque : 
-2.23811 -3.24106 -9.98931  7.43185  3.95011  1.60798  4.40432 -2.12333 -6.37652       10
Obs : 
-5.62043 -10 -5.18402 -0.150692 -0.761809 -0.630031 0 0 0 0.282881 -0.49156 -1.47399 1.44938 10 -1.62729 -1.76883 -0.939107 -0.0850537 3.43805 -0.333176 -1.06851 -0.836501 1.04556 10 -0.0530125 -0.30162 -0.838106 -0.12414 10 -2.23811 -3.24106 -9.98931 7.43185 3.95011 1.60798 4.40432 -2.12333 -6.37652 10 
Torque : 
 -7.35531   3.94058  -7.63054  -4.75436       -10   5.38565 -0.531762       -10       -10       -10
Obs : 
-9.54675 -10 -9.14435 -0.0868561 -0.830732 -0.549855 0 0 0 0.192231 -0.134161 -0.960395 0.974741 6.97412 -1.51539 -1.29233 -0.844864 0.481284 10 -0.257614 -0.325152 -0.167692 1.22163 -10 -0.000119284 -0.301893 0.0492733 -0.710918 9.90835 -7.35531 3.94058 -7.63054 -4.75436 -10 5.38565 -0.531762 -10 -10 -10 
Torque : 
-8.59939       10 -6.46706      -10      -10  5.39327 -1.12317      -10 -8.08869      -10
Obs : 
-10 -10 -10 0.145354 -0.728684 -0.669247 0 0 0 0.487678 0.761344 0.149751 -0.597132 -10 -1.63287 -1.70195 -0.226109 -0.615966 -0.794168 0.193441 0.619869 0.459364 0.204455 -10 -0.474468 -0.659961 -1.35074 1.69673 -10 -8.59939 10 -6.46706 -10 -10 5.39327 -1.12317 -10 -8.08869 -10 
Torque : 
-3.46564  2.68689 -1.89362      -10       10  4.17516  3.08123 -7.46594  4.04811 -6.24447
Obs : 
-10 4.3021 -10 0.541394 -0.367214 -0.756337 0 0 0 0.940431 1.81283 0.125944 -0.95509 -10 -1.81827 -1.89205 -1.24549 1.13823 -10 0.383589 1.14288 0.381612 0.328343 -10 -0.330906 -0.606802 -1.15528 1.95117 -10 -3.46564 2.68689 -1.89362 -10 10 4.17516 3.08123 -7.46594 4.04811 -6.24447 
Torque : 
-2.16107 -3.02391  7.76404      -10       10  3.34645  7.33071 0.080028   5.0259 -1.69684
Obs : 
-10 10 -7.14635 0.767944 -0.127903 -0.627617 0 0 0 1.0573 2.13021 -0.278612 0.737693 0.0684273 -1.62855 -1.76811 -0.777158 0.333333 -10 0.300288 0.872263 -0.394024 2.17699 10 -0.0857216 -0.13016 -0.30478 0.227809 -10 -2.16107 -3.02391 7.76404 -10 10 3.34645 7.33071 0.080028 5.0259 -1.69684 
Torque : 
 -1.29802  -8.84355   4.68146       -10    -2.533   2.32859 -0.223312        10   6.40462        10
Obs : 
-2.96558 10 -10 0.839476 -0.00604508 -0.543363 0 0 0 0.915299 1.93609 -0.174877 1.1459 10 -1.45325 -1.04511 -0.322914 -0.867469 -9.2282 0.144716 0.577762 0.218773 1.37722 10 -0.128004 0.504704 -1.30831 2.22778 3.62829 -1.29802 -8.84355 4.68146 -10 -2.533 2.32859 -0.223312 10 6.40462 10 
Torque : 
-0.24022      -10 -2.85051  4.76102      -10  0.84262 -6.76587       10      -10       10
Obs : 
4.73743 10 -3.92505 0.740685 0.11303 -0.662277 0 0 0 0.77071 1.61065 0.401082 -0.155995 10 -1.61983 -0.5422 -1.18427 1.17625 10 0.0275658 0.0694754 0.645013 -0.583296 9.50807 -0.245314 0.55498 -1.03405 2.29016 10 -0.24022 -10 -2.85051 4.76102 -10 0.84262 -6.76587 10 -10 10 
Torque : 
-1.00835      -10  6.50649 0.978271 -7.92321 0.726484       10       10      -10      -10
Obs : 
10 10 8.31971 0.461712 0.121622 -0.878652 0 0 0 0.75592 1.19126 -0.510516 0.403645 -3.52233 -1.61852 -0.241683 0.387596 -0.926568 10 0.0367259 -0.12234 -0.619628 -0.273072 -10 -0.116846 0.81965 0.625949 -0.881194 10 -1.00835 -10 6.50649 0.978271 -7.92321 0.726484 10 10 -10 -10 
Torque : 
 -1.55751   9.80715        10   2.66068        10 -0.226586  -4.50997   7.79966       -10       -10
Obs : 
10 5.43748 0.691425 0.188295 0.311172 -0.931513 0 0 0 0.719128 1.14341 -0.565522 -0.0102896 -10 -1.5729 0.0144011 1.16375 -1.57523 8.65669 -0.0528561 -0.00222734 0.276263 -1.91879 -10 -0.118342 0.660252 0.432356 0.590289 -10 -1.55751 9.80715 10 2.66068 10 -0.226586 -4.50997 7.79966 -10 -10 
Torque : 
-1.15125       10  8.53095  2.55248       10 -1.41349      -10  4.38908  4.33587      -10
Obs : 
10 -6.82765 -4.90481 -0.0347609 0.63213 -0.774082 0 0 0 0.666118 1.29221 0.470658 -1.36699 -8.20269 -1.62776 -0.409516 0.252176 2.30644 -10 -0.0386094 0.297133 0.0301737 -0.348148 2.63902 -0.131052 0.0400613 1.29097 2.20735 -10 -1.15125 10 8.53095 2.55248 10 -1.41349 -10 4.38908 4.33587 -10 
Torque : 
 -2.36947   6.33814   -9.6023   6.14559 -0.311541  -1.17073   -9.3462   8.71402       -10    5.9292
Obs : 
10 -10 -10 -0.176983 0.793113 -0.582794 0 0 0 0.698033 1.22005 -1.02159 1.17007 10 -1.63962 -0.91099 1.89218 3.23347 -10 -0.102829 -0.0582178 -0.690685 0.484147 10 -0.143601 0.0108742 1.87903 2.18925 -4.6176 -2.36947 6.33814 -9.6023 6.14559 -0.311541 -1.17073 -9.3462 8.71402 -10 5.9292 
Torque : 
-4.01865 -1.12612      -10  2.82406 0.134526  -1.1034   1.2428 -2.96759      -10  7.25917
Obs : 
10 -10 -10 -0.590939 0.521067 -0.615857 0 0 0 0.649011 0.939391 0.213201 -0.619746 10 -1.54378 -0.552386 2.37189 1.69823 10 -0.0157173 -0.390887 1.31375 -2.76346 10 0.00973417 0.2487 1.57112 0.770765 10 -4.01865 -1.12612 -10 2.82406 0.134526 -1.1034 1.2428 -2.96759 -10 7.25917 
Torque : 
 -7.4185 0.556146      -10 -4.71733      -10  1.80388  1.21986  -8.5775      -10      -10
Obs : 
10 -3.25711 -10 -0.641791 0.16393 -0.749154 0 0 0 0.884312 0.502727 -0.00905994 -0.455272 10 -1.4304 -0.250407 2.30825 -0.117988 10 0.228135 -0.582554 -0.72485 0.707379 -5.22871 0.0949796 0.540282 1.28639 -0.625676 5.67635 -7.4185 0.556146 -10 -4.71733 -10 1.80388 1.21986 -8.5775 -10 -10 
Torque : 
 -4.92964   1.26328       -10   2.39961  -3.13868 -0.868229  -7.60371   3.19061       -10       -10
Obs : 
10 -10 -10 -0.593001 -0.163469 -0.788434 0 0 0 0.826584 0.798749 -0.731053 -0.5329 -10 -1.14887 0.00320754 2.17274 -0.131516 -3.71013 -0.113319 0.295961 0.538635 -1.91499 -10 0.4411 0.346219 0.757195 -0.0674987 -10 -4.92964 1.26328 -10 2.39961 -3.13868 -0.868229 -7.60371 3.19061 -10 -10 
Torque : 
-7.22339  8.43903      -10  6.53044  1.76728 0.600306      -10  8.86396      -10  4.07065
Obs : 
10 -2.93006 -10 -0.395261 -0.542177 -0.741494 0 0 0 0.509621 1.38393 -0.828276 -0.229715 -10 -0.68375 -0.380778 1.78874 1.48633 -10 -0.362806 0.422034 -0.347138 1.26124 -10 0.800259 -0.00225719 0.440949 1.15693 -10 -7.22339 8.43903 -10 6.53044 1.76728 0.600306 -10 8.86396 -10 4.07065 
Torque : 
-4.97906  2.17121      -10       10 -1.42914 -2.97003      -10       10      -10       10
Obs : 
10 4.59716 -10 0.140795 -0.753284 -0.642449 0 0 0 0.187288 1.43791 -0.276634 0.00678233 -10 -0.121727 -0.469172 1.71114 2.42716 -10 -0.466275 0.256229 0.787903 -0.772164 -10 0.972388 0.0529683 0.179262 0.872404 -1.35218 -4.97906 2.17121 -10 10 -1.42914 -2.97003 -10 10 -10 10 
Torque : 
-3.26615  2.88268  1.50131       10       10 -5.17049 -4.09842  7.62586      -10  2.18493
Obs : 
10 5.39321 0.503525 0.452348 -0.655833 -0.604371 0 0 0 0.449851 1.26308 -0.41458 -0.613123 -7.98668 -0.560497 -1.04302 0.469611 2.71559 9.74676 -0.0381677 0.0543948 -0.799753 1.95446 5.60629 0.20611 -0.273808 -1.30531 0.214202 10 -3.26615 2.88268 1.50131 10 10 -5.17049 -4.09842 7.62586 -10 2.18493 
Torque : 
0.493622       10  2.29682  9.65513       10 -2.56191      -10  4.86959      -10      -10
Obs : 
10 2.78874 -10 0.616253 -0.408902 -0.673076 0 0 0 0.653583 1.43533 -0.502091 0.32108 10 -1.04032 -1.65024 -1.32472 1.66707 10 -0.0203838 0.327141 0.659263 0.601871 10 -0.025334 -1.01524 -1.60038 -1.32902 -0.0590599 0.493622 10 2.29682 9.65513 10 -2.56191 -10 4.86959 -10 -10 
Torque : 
-2.72954 -5.13231 -9.30976  5.73808   1.1801 -1.45726 -3.24457       10      -10      -10
Obs : 
10 10 7.82085 0.509064 -0.202057 -0.836676 0 0 0 0.718115 1.48182 0.118423 -0.903563 10 -1.03436 -2.20444 -0.324316 -1.11699 -9.25232 0.101046 0.177172 -0.255393 1.44551 10 0.0978399 -0.803655 -0.279888 -2.76021 -10 -2.72954 -5.13231 -9.30976 5.73808 1.1801 -1.45726 -3.24457 10 -10 -10 
Torque : 
-1.11131 -9.89015  3.87819       10  6.08881 0.169194  3.35636  9.17928      -10       10
Obs : 
10 10 10 -0.0229563 -0.0304103 -0.999274 0 0 0 0.763909 1.15613 -0.814169 0.562546 10 -0.909896 -2.01596 0.424375 -0.928118 -10 0.0428112 -0.104912 -0.110914 1.11387 10 0.174734 -0.440526 0.0934219 -1.71244 -8.48516 -1.11131 -9.89015 3.87819 10 6.08881 0.169194 3.35636 9.17928 -10 10 
Torque : 
0.348507 -8.91896  4.92719       10  1.45572  1.85718  3.45719  7.31785      -10       10
Obs : 
2.57234 10 6.1669 -0.558957 0.00990434 -0.829137 0 0 0 0.664165 0.737478 0.0837744 -0.897093 10 -0.778541 -1.63535 0.423939 -0.0933227 4.02794 -0.00487518 -0.507202 0.258607 0.647222 3.9004 0.244919 0.078458 0.040118 -0.550911 10 0.348507 -8.91896 4.92719 10 1.45572 1.85718 3.45719 7.31785 -10 10 
Torque : 
 1.15056      -10  5.79441  2.24128  -2.3589   2.0534       10   9.1691      -10 -8.53691
Obs : 
-8.9322 10 0.280703 -0.741545 -0.143779 -0.655316 0 0 0 0.642917 0.189785 -0.308769 -0.0772131 9.55276 -0.658409 -1.10219 0.641228 -0.858431 10 -0.0255324 -0.800586 -0.19127 1.0617 -6.63677 0.249452 0.412348 -0.119966 -0.85932 10 1.15056 -10 5.79441 2.24128 -2.3589 2.0534 10 9.1691 -10 -8.53691 
Torque : 
  2.36506  0.348726   7.76832  -6.77756       -10  0.362834   5.13783   7.62893 -0.497575  -6.20431
Obs : 
-10 10 -10 -0.558418 -0.453509 -0.694621 0 0 0 0.58687 -0.0796268 -0.129943 -0.515642 -9.91076 -0.678021 -0.863867 -0.40343 0.107094 4.93189 -0.0442178 -0.73427 -0.141095 0.806026 -10 0.167146 0.434655 -0.758532 -0.398438 -3.42851 2.36506 0.348726 7.76832 -6.77756 -10 0.362834 5.13783 7.62893 -0.497575 -6.20431 
Torque : 
-2.08685  8.48253       10 -6.84224       10  1.48182  3.92033  3.36638  7.25215      -10
Obs : 
-10 -3.67072 -10 -0.125622 -0.594077 -0.794538 0 0 0 0.621343 0.0975802 -0.0517578 -0.555869 -9.74851 -0.674387 -0.839209 -0.524595 -0.447128 -10 0.0513303 -0.261121 -0.215661 1.00534 -4.14748 0.192333 0.318288 -0.0657279 -1.46874 -10 -2.08685 8.48253 10 -6.84224 10 1.48182 3.92033 3.36638 7.25215 -10 
Torque : 
 -2.01279   3.52737   2.06095       -10        10   2.82565 -0.232795 -0.472634        10  -2.72509
Obs : 
-10 -10 -4.20575 0.214318 -0.339259 -0.915954 0 0 0 0.745515 0.64678 -0.189879 -0.128597 10 -0.664882 -1.07168 -0.679947 -0.0209299 -10 0.136319 0.350064 -0.317475 0.916413 10 0.209249 -0.0667473 -0.345813 -0.23004 -10 -2.01279 3.52737 2.06095 -10 10 2.82565 -0.232795 -0.472634 10 -2.72509 
Torque : 
-4.72628  8.93123   2.5605 -6.04288      -10  1.57018 -3.36222      -10  1.48816       10
Obs : 
-10 -10 7.07463 0.370736 0.0757459 -0.925644 0 0 0 0.785761 1.50192 -0.410541 -0.475551 10 -0.543932 -1.44359 -0.345263 -0.660521 -6.35869 0.124038 0.98074 -0.595353 0.502327 3.66759 0.191592 -0.223058 -0.487546 -0.230075 10 -4.72628 8.93123 2.5605 -6.04288 -10 1.57018 -3.36222 -10 1.48816 10 
Torque : 
-2.88268  8.27449  7.80006 -8.39092      -10  3.24797 -8.63742      -10 -6.73489  8.97958
Obs : 
-10 -8.73081 10 0.433777 0.294815 -0.851423 0 0 0 0.647018 2.0279 -1.02533 -0.0576202 -5.12214 -0.484252 -1.53205 -0.641005 -0.26349 10 -0.144061 0.823252 -1.29034 2.01978 -10 0.230001 -0.317649 0.240649 -1.18032 10 -2.88268 8.27449 7.80006 -8.39092 -10 3.24797 -8.63742 -10 -6.73489 8.97958 
Torque : 
-0.676767  -1.48969        10       -10        10   4.60529  -2.89155       -10  -1.02962   2.26305
Obs : 
-10 -2.57639 10 0.470507 0.344866 -0.812213 0 0 0 0.357102 1.82001 -0.377698 -1.44421 -10 -0.409209 -1.4607 -0.710653 -0.358828 10 -0.306202 0.470369 -0.209638 0.681712 -10 0.231491 -0.177299 -0.34871 -0.048691 10 -0.676767 -1.48969 10 -10 10 4.60529 -2.89155 -10 -1.02962 2.26305 
Torque : 
 3.74923  -1.2116       10  -9.3797       10  2.80833  4.30495 -9.86323       10  2.94747
Obs : 
-7.02538 -9.79732 10 0.447818 0.305481 -0.840322 0 0 0 0.360865 1.63061 -0.392931 -0.23278 -1.36251 -0.379883 -1.39552 -1.00433 0.316797 10 0.0567674 0.284406 -2.04086 5.81252 7.48673 0.197446 -0.149244 -0.142097 -0.0697351 10 3.74923 -1.2116 10 -9.3797 10 2.80833 4.30495 -9.86323 10 2.94747 
Torque : 
-0.00636079     -5.5993    -1.83762         -10   -0.201177     4.35616   -0.710533         -10    0.349894 0.000198916
Obs : 
3.01376 -6.96031 10 0.38492 0.106489 -0.916786 0 0 0 0.595125 1.53597 0.487261 -0.763263 10 -0.376903 -1.47242 -0.549236 -0.558465 10 0.418275 0.185764 -0.722334 2.23319 10 0.0913496 -0.336318 0.589444 -1.17983 6.30596 -0.00636079 -5.5993 -1.83762 -10 -0.201177 4.35616 -0.710533 -10 0.349894 0.000198916 
Torque : 
-2.85287      -10      -10 -4.03692 -9.91633  6.13126  2.42304 -4.54017      -10      -10
Obs : 
3.37058 5.62813 10 0.413701 -0.171864 -0.894044 0 0 0 1.13383 1.35479 -0.680546 0.0875873 10 -0.643274 -1.72675 -0.152177 -0.0803867 2.19033 0.628487 -0.191477 -2.30444 4.63135 -3.69778 -0.197976 -0.252446 -0.139766 1.54864 -10 -2.85287 -10 -10 -4.03692 -9.91633 6.13126 2.42304 -4.54017 -10 -10 
Torque : 
-0.0153611   -8.47441    1.74289    3.04546   -4.47667      3.316    7.63946    1.70865        -10   -6.30576
Obs : 
-3.97084 10 10 0.194914 -0.193245 -0.961595 0 0 0 1.01694 1.04245 -0.502658 -0.419168 -8.11765 -0.728709 -1.31905 -0.119873 0.648861 -10 0.155596 -0.274364 -0.248258 0.410001 -10 -0.108993 0.0691601 0.00686033 0.95442 -10 -0.0153611 -8.47441 1.74289 3.04546 -4.47667 3.316 7.63946 1.70865 -10 -6.30576 
Torque : 
 1.46225   3.5344       10 -8.63877       10  4.11959  7.13478  8.04091  9.32931       10
Obs : 
-10 10 10 -0.182325 -0.1525 -0.97134 0 0 0 0.706068 0.900184 0.258801 -1.12695 -10 -0.75483 -1.12351 0.117701 -1.1828 -10 0.0183507 -0.319239 -0.233394 0.850868 -3.45316 -0.257618 0.089304 -1.05699 1.0137 -3.03381 1.46225 3.5344 10 -8.63877 10 4.11959 7.13478 8.04091 9.32931 10 
Torque : 
 3.6024 9.65809      10     -10      10 4.01745 6.45566 4.67827      10 9.67862
Obs : 
-10 9.70757 10 -0.547918 -0.196734 -0.813069 0 0 0 0.638794 0.955627 -0.422432 0.792236 10 -0.717701 -1.38331 -0.764874 0.512571 10 -0.0492796 -0.0297715 -0.54976 1.79417 10 0.0360442 -0.257207 0.279473 -1.10009 10 3.6024 9.65809 10 -10 10 4.01745 6.45566 4.67827 10 9.67862 
Torque : 
 1.90312  -8.5088  7.59835      -10      -10  4.36572       10  9.08758 0.879653 -4.52867
Obs : 
-10 10 1.35812 -0.688137 -0.321824 -0.650305 0 0 0 0.543334 1.43318 0.169823 -1.17154 10 -0.49141 -1.30234 0.197771 -1.05389 10 -0.0375014 0.276968 0.178443 0.01163 8.08306 0.011181 -0.049201 -0.625197 0.619155 5.34938 1.90312 -8.5088 7.59835 -10 -10 4.36572 10 9.08758 0.879653 -4.52867 
Torque : 
 2.15766 -7.09253  6.60184      -10      -10  1.86224       10  8.16917  3.92553  3.19704
Obs : 
-10 10 4.43201 -0.527499 -0.48529 -0.697308 0 0 0 0.634798 1.80659 -0.786767 0.160252 -0.0823394 -0.597173 -1.15364 -0.521883 0.180817 10 -0.0104412 0.483226 -1.97179 5.32912 -10 0.0606359 -0.253789 0.489119 -1.4405 0.00889684 2.15766 -7.09253 6.60184 -10 -10 1.86224 10 8.16917 3.92553 3.19704 
Torque : 
-0.314883  -6.95382        10       -10   8.86558   3.23036        10   4.32142   7.01838  -5.86177
Obs : 
-10 10 -10 -0.105384 -0.602756 -0.790936 0 0 0 0.409914 1.7941 -0.355193 -0.724971 -10 -0.6243 -1.43244 -0.344608 -0.807179 4.70476 -0.259734 0.252525 0.607013 0.709541 -10 -0.0457223 -0.465785 -1.42859 1.61241 -10 -0.314883 -6.95382 10 -10 8.86558 3.23036 10 4.32142 7.01838 -5.86177 
Torque : 
-1.72527 -3.90306       10      -10       10  2.17916       10  4.33741  9.41995 -5.30545
Obs : 
-10 10 -10 0.44713 -0.501719 -0.740508 0 0 0 0.363416 1.43899 -0.762613 0.448297 6.14069 -0.506473 -1.58106 -0.0881282 -0.236536 -10 -0.140767 -0.175923 -0.997418 3.70662 5.22509 0.148871 -0.204144 0.421354 -1.12681 -10 -1.72527 -3.90306 10 -10 10 2.17916 10 4.33741 9.41995 -5.30545 
Torque : 
 1.51913 -4.44372  6.44713      -10 -2.87605 -0.88059 -1.88703       10  7.11419       10
Obs : 
-10 6.08881 -10 0.792333 -0.0315273 -0.609274 0 0 0 0.417183 1.25268 0.351041 -1.32321 10 -0.604512 -1.15038 -0.757729 -0.112863 -8.79219 0.289072 -0.118339 -0.357041 1.44146 -1.09314 0.0231389 0.207818 -1.41745 2.37657 -8.95226 1.51913 -4.44372 6.44713 -10 -2.87605 -0.88059 -1.88703 10 7.11419 10 
Torque : 
 1.87907  8.90727  3.51387 -9.52747      -10 -1.92652      -10  7.98239  4.80752       10
Obs : 
-4.51237 7.63009 -10 0.761583 0.25113 -0.597432 0 0 0 0.751194 1.7039 -1.06228 0.473129 -6.04582 -0.447134 -1.4145 0.081891 -0.683133 10 0.0501482 0.355564 -0.321261 2.56677 -10 0.119338 -0.211631 -1.11793 3.08145 6.33703 1.87907 8.90727 3.51387 -9.52747 -10 -1.92652 -10 7.98239 4.80752 10 
Torque : 
 -2.58142  -6.05829        10       -10        10  0.730837        10   3.40316   9.74719 -0.200536
Obs : 
8.24144 10 -10 0.25101 0.715157 -0.652337 0 0 0 0.453257 1.70429 0.41079 -1.55309 -7.9182 -0.52533 -1.45403 -0.0234306 -0.445401 10 -0.0486769 0.0201146 -0.498989 2.58591 -4.14176 0.0666719 0.280552 0.450072 -0.478541 5.05208 -2.58142 -6.05829 10 -10 10 0.730837 10 3.40316 9.74719 -0.200536 
Torque : 
-3.15137  2.37614       10  3.59739       10 -1.91356  2.30881 -0.63776      -10      -10
Obs : 
10 10 -10 -0.490763 0.63609 -0.595433 0 0 0 0.602954 1.18003 -0.835346 0.799652 10 -0.759087 -0.652543 -1.08782 0.235077 1.1737 -0.0695917 -0.268073 -0.250406 1.06716 9.05718 0.12744 0.469448 -0.165067 0.121064 -10 -3.15137 2.37614 10 3.59739 10 -1.91356 2.30881 -0.63776 -10 -10 
Torque : 
-1.61613 -6.84148  6.58583       10  2.15454 -4.09611 -6.22107       10      -10 -1.84522
Obs : 
10 -3.61901 4.15899 -0.611687 0.409563 -0.676829 0 0 0 0.588485 1.16635 -0.406498 -0.507704 10 -0.515243 -1.19288 -0.0360286 -0.292344 -10 0.150293 -0.294757 -2.43323 5.1572 6.53512 0.217144 -0.0428846 0.454851 1.40033 -10 -1.61613 -6.84148 6.58583 10 2.15454 -4.09611 -6.22107 10 -10 -1.84522 
Torque : 
-0.388277  -4.88423  -5.72491        10   2.82256  -2.24005   3.54178  -2.71094  -9.03475        10
Obs : 
10 -1.73903 -10 -0.478587 -0.200638 -0.854809 0 0 0 0.585867 1.42878 0.128156 -1.09662 10 -0.640831 -1.56084 -0.405538 -0.731945 -10 0.475407 -0.116925 -2.92866 4.66956 3.04622 -0.10649 -0.0734499 -0.496332 0.870899 -10 -0.388277 -4.88423 -5.72491 10 2.82256 -2.24005 3.54178 -2.71094 -9.03475 10 
Torque : 
 -2.8496  -2.3339      -10  8.86926   5.6771 -5.01462  3.35257       10 -4.23287       10
Obs : 
10 -10 -10 -0.0299233 -0.731151 -0.681559 0 0 0 0.461271 1.23721 -0.402831 -0.97076 10 -0.409828 -1.40552 -0.215126 -0.654551 9.24203 -0.103277 -0.0357697 -1.0049 1.48399 -0.307537 0.347337 0.0453296 0.784696 0.534517 8.3707 -2.8496 -2.3339 -10 8.86926 5.6771 -5.01462 3.35257 10 -4.23287 10 
Torque : 
-5.26878  3.32322      -10  1.65612   1.3536 0.150929 -3.59645  8.96301      -10      -10
Obs : 
10 -10 -10 0.532331 -0.603615 -0.593525 0 0 0 0.439632 1.52032 -0.260115 0.129753 9.10222 -0.73623 -1.49854 -0.0446122 -0.85412 9.85336 -0.000967923 0.419773 0.73692 -0.240505 -2.95054 -0.246679 0.239208 -0.173293 -0.971954 -2.76538 -5.26878 3.32322 -10 1.65612 1.3536 0.150929 -3.59645 8.96301 -10 -10 
Torque : 
-6.79169 -1.59101      -10  0.33371  6.55633  1.03062 -6.09105       10      -10      -10
Obs : 
10 10 -10 0.750755 -0.0804815 -0.65566 0 0 0 0.851366 1.31928 -0.844536 -0.142789 2.13148 -0.696796 -1.07095 0.15143 -0.847276 -10 -0.142761 -0.329133 0.0944475 -0.551521 -8.49514 0.22774 0.476874 0.487906 -0.270045 -10 -6.79169 -1.59101 -10 0.33371 6.55633 1.03062 -6.09105 10 -10 -10 
Torque : 
-3.79576 -6.03116  6.53354       10  4.90208  -3.3761 -7.87818       10      -10       10
Obs : 
10 4.1688 -10 0.173429 0.652556 -0.737627 0 0 0 0.485404 1.15114 -0.225512 0.0904691 2.15674 -0.502602 -1.48879 -0.292583 -0.781079 0.602182 -0.197952 0.0265118 0.750471 0.0104656 -5.28757 0.116713 -0.17607 -0.210452 -0.214501 10 -3.79576 -6.03116 6.53354 10 4.90208 -3.3761 -7.87818 10 -10 10 
Torque : 
 -2.5908 -5.57987  1.41006  9.52626  5.85135 -2.97516  2.68353       10      -10  3.63927
Obs : 
10 10 -10 -0.431182 0.680789 -0.592122 0 0 0 0.787804 1.59816 -0.704094 -0.437557 2.21614 -0.493559 -1.30104 -0.149498 -0.281444 10 -0.180648 0.487777 0.806043 -0.538267 2.22534 0.0138937 0.552181 -1.63681 1.91108 10 -2.5908 -5.57987 1.41006 9.52626 5.85135 -2.97516 2.68353 10 -10 3.63927 
Torque : 
-2.62732  -8.7473  6.44279   5.7105  7.35132 -2.30707  5.49674  7.50267      -10      -10
Obs : 
10 -3.65984 10 -0.531761 0.233978 -0.813932 0 0 0 0.359596 1.17396 -0.205405 -0.37401 0.573707 -0.34671 -1.39246 -0.394491 -0.149044 10 -0.332576 -0.255896 0.614515 -1.38065 1.13561 0.15183 -0.0750813 -0.488321 2.81284 10 -2.62732 -8.7473 6.44279 5.7105 7.35132 -2.30707 5.49674 7.50267 -10 -10 
Torque : 
 -1.2675 -2.01821  -9.1991  2.22589       10   2.9541  1.65253 -4.33504      -10      -10
Obs : 
10 -10 -10 -0.207911 -0.546112 -0.811501 0 0 0 0.542622 1.46607 -0.226208 -0.438561 0.744279 -0.900029 -1.06375 -0.62641 -0.48424 10 -0.239061 0.61677 0.925444 -1.1864 -1.21734 0.191032 0.716243 0.188014 0.724322 7.91879 -1.2675 -2.01821 -9.1991 2.22589 10 2.9541 1.65253 -4.33504 -10 -10 
Torque : 
-6.54648  8.39419      -10 -6.35781   5.2808 0.180204 -6.84144       10      -10      -10
Obs : 
10 -10 -10 0.477434 -0.65676 -0.583715 0 0 0 0.458555 1.01343 -0.189419 -0.551802 0.431319 -0.545322 -1.60009 -0.205473 -0.412391 -3.04583 0.0610409 0.101266 1.16755 -0.81558 0.489812 0.0221782 0.305244 -1.34897 0.672284 -10 -6.54648 8.39419 -10 -6.35781 5.2808 0.180204 -6.84144 10 -10 -10 
Torque : 
-4.22231  8.78878      -10 -2.71848   4.2422 -2.02499 -5.23675       10 -8.27289  7.77347
Obs : 
10 2.2988 -10 0.77748 0.0627027 -0.625774 0 0 0 0.789084 1.76236 -0.433546 -0.465434 0.389837 -0.446214 -1.31439 -0.233866 -0.306053 -9.70125 -0.0691246 0.423759 0.242871 -0.150194 3.86402 0.122789 0.0182506 -0.465821 1.10785 -4.01967 -4.22231 8.78878 -10 -2.71848 4.2422 -2.02499 -5.23675 10 -8.27289 7.77347 
Torque : 
-3.54618 -5.99034 -1.57364       10  4.34662 -4.27676 -2.43334       10      -10       10
Obs : 
10 10 -10 0.0314258 0.734665 -0.677702 0 0 0 0.415774 1.23296 -0.312617 -0.281789 0.640294 -0.685157 -1.16285 -0.111825 -0.976611 10 0.0482208 0.31498 -0.33677 -0.348271 10 0.110349 0.83362 0.338318 -1.05426 10 -3.54618 -5.99034 -1.57364 10 4.34662 -4.27676 -2.43334 10 -10 10 
Torque : 
-2.15351 -7.46837  7.38566  7.71309  6.78873 -2.58857   1.4889  8.75173      -10      -10
Obs : 
10 1.62466 -10 -0.638409 0.435742 -0.634478 0 0 0 0.591509 1.19681 -0.107785 -0.552305 1.61378 -0.691461 -1.25582 -0.393535 -0.179951 -1.22675 0.362428 -0.19896 -0.781181 0.360889 10 -0.329274 0.00504384 -1.25533 0.5859 -10 -2.15351 -7.46837 7.38566 7.71309 6.78873 -2.58857 1.4889 8.75173 -10 -10 
Torque : 
-4.26098   2.3292  -6.9775  3.79375    2.479 -2.80191  -3.6397       10 -5.33426       10
Obs : 
10 -10 -10 -0.345385 -0.460901 -0.817484 0 0 0 0.452752 1.44418 -0.427721 -0.288027 1.73339 -0.321463 -1.43123 -0.253571 -0.286674 -0.67847 -0.23451 0.282296 0.574217 -1.39016 10 0.281029 0.00818031 0.206852 -0.0382073 8.18793 -4.26098 2.3292 -6.9775 3.79375 2.479 -2.80191 -3.6397 10 -5.33426 10 
Torque : 
 -4.33712   7.19783       -10  -3.05032 -0.382314  -1.22144  -3.98749        10       -10   5.97301
Obs : 
10 1.82732 -10 0.538566 -0.603933 -0.587547 0 0 0 0.531178 1.41964 -0.301506 -0.403692 0.785283 -0.861008 -1.27667 -0.512912 -0.11111 10 -0.110562 0.245532 0.368009 0.533989 2.00477 0.358593 0.771199 -0.262305 1.99172 -0.420205 -4.33712 7.19783 -10 -3.05032 -0.382314 -1.22144 -3.98749 10 -10 5.97301 
Torque : 
 -2.7063  6.20306 -6.14463  0.14245       10 -3.85189 -2.80939       10      -10      -10
Obs : 
10 10 -10 0.473705 0.323484 -0.819122 0 0 0 0.732579 1.18273 -0.275467 -0.480373 0.0853749 -0.634645 -1.31031 -0.233373 -0.710443 -0.693281 -0.0307702 0.371612 0.813924 -0.0374615 -10 0.342596 0.329261 -1.45597 4.13234 -10 -2.7063 6.20306 -6.14463 0.14245 10 -3.85189 -2.80939 10 -10 -10 
Torque : 
 -3.0235 -4.71919       10       10       10 -2.48793 -4.20241       10      -10  2.77401
Obs : 
10 10 7.30521 -0.532304 0.581694 -0.615048 0 0 0 0.484771 1.41961 -0.368459 -0.279907 -0.324655 -0.274309 -1.51734 -0.204907 -0.525856 -10 -0.203916 0.216527 0.866192 -1.85189 -8.52343 0.510536 0.0990154 0.265209 1.14639 -10 -3.0235 -4.71919 10 10 10 -2.48793 -4.20241 10 -10 2.77401 
Torque : 
 -1.20518  -6.84879   4.71476   9.34837 -0.699987   1.48663   2.77969        10  -9.48786        10
Obs : 
10 -10 10 -0.258254 -0.136386 -0.956402 0 0 0 0.486321 1.40175 -0.521714 -0.0745977 0.590057 -0.567128 -1.23331 -0.24591 -0.308479 -10 -0.0760864 0.045038 0.377246 -1.61597 -5.80935 0.538448 0.0193476 0.938597 -0.267957 -10 -1.20518 -6.84879 4.71476 9.34837 -0.699987 1.48663 2.77969 10 -9.48786 10 
Torque : 
 -3.27135 -0.487998   -9.2024        10    -4.781    1.0277  -2.42496  -1.03919       -10        10
Obs : 
10 -10 -10 0.51159 -0.628824 -0.585539 0 0 0 0.478813 1.21969 -0.351501 -0.266712 -0.621984 -0.607162 -1.48891 -0.205262 -0.291885 -10 0.27249 0.22205 -0.114939 -0.409715 -10 0.108438 -0.398413 0.546748 0.312272 -10 -3.27135 -0.487998 -9.2024 10 -4.781 1.0277 -2.42496 -1.03919 -10 10 
Torque : 
 -4.15715  0.530229       -10   4.20844 0.0713913  -3.42601   2.55436        10  -6.60584        10
Obs : 
10 10 -10 0.515308 0.532276 -0.671669 0 0 0 0.571941 1.44989 -0.471303 -0.165948 0.810159 -0.441669 -1.3495 -0.242934 -0.314993 -10 -0.0442663 0.107816 0.210599 -0.382776 -10 0.372239 -0.366571 -0.200735 1.27119 -10 -4.15715 0.530229 -10 4.20844 0.0713913 -3.42601 2.55436 10 -6.60584 10 
Torque : 
 -3.13299  -6.94627   4.52334   9.73589   5.57878  -3.22198 -0.121414        10  -9.35463        10
Obs : 
10 10 -10 -0.632427 0.405639 -0.659919 0 0 0 0.576012 1.40401 -0.320312 -0.390231 1.15154 -0.549404 -1.00923 -0.410067 -0.252631 -10 -0.102322 -0.680828 0.399586 -1.17801 1.66433 0.18355 0.132692 -0.966549 1.75911 -10 -3.13299 -6.94627 4.52334 9.73589 5.57878 -3.22198 -0.121414 10 -9.35463 10 
Torque : 
 -3.13376  -8.12808   3.15093        10   4.43867  -3.37439 -0.982049        10  -4.35059        10
Obs : 
10 -10 -10 0.120124 -0.777984 -0.616694 0 0 0 0.451892 1.48819 -0.409198 -0.3612 0.853219 -0.557917 -1.45365 -0.392671 -0.398109 -10 -0.199523 -0.307682 -1.19211 1.13201 3.22973 0.0526469 0.147407 -0.326327 0.316262 -10 -3.13376 -8.12808 3.15093 10 4.43867 -3.37439 -0.982049 10 -4.35059 10 
Torque : 
 -3.58789   1.42227       -10   4.45688 -0.051966  -3.13138  0.164815        10  -5.16308        10
Obs : 
2.56732 10 -10 0.695836 0.306994 -0.649282 0 0 0 0.764922 1.60047 -0.270086 -0.418839 0.530438 -0.649943 -1.3068 -0.279932 -0.465506 -10 -0.0621094 -0.0999504 -0.837797 0.315138 10 -0.0611624 0.534326 -0.780921 0.838677 -8.81506 -3.58789 1.42227 -10 4.45688 -0.051966 -3.13138 0.164815 10 -5.16308 10 
Torque : 
-1.59185 -8.80407  2.19667  2.74418  2.60226 -2.06421 -1.47442       10 -1.70459       10
Obs : 
10 10 10 -0.517001 0.402489 -0.755455 0 0 0 0.66727 1.22163 -0.414249 -0.292678 1.10827 -0.328612 -1.47693 -0.308196 -0.334396 -10 0.597811 -0.355071 -1.95219 0.549888 10 0.122995 0.206842 -0.607823 1.35281 -7.30364 -1.59185 -8.80407 2.19667 2.74418 2.60226 -2.06421 -1.47442 10 -1.70459 10 
Torque : 
-1.18384 -4.37928  2.40356  8.81011 -4.63358  1.39532  1.81631  7.57273 -8.44456       10
Obs : 
10 -10 8.32598 0.334186 -0.7019 -0.629012 0 0 0 0.36901 1.4891 -0.405631 -0.458475 0.91746 -0.708078 -1.49384 -0.290616 -0.519419 -10 1.39566 -0.79193 -3.98 2.92074 10 -0.633862 -0.377208 -0.609041 0.161074 -6.009 -1.18384 -4.37928 2.40356 8.81011 -4.63358 1.39532 1.81631 7.57273 -8.44456 10 
Torque : 
-2.97451  2.74528      -10  7.66481 -4.34204  1.19231 -1.40164  3.01553      -10       10
Obs : 
10 -9.28032 -10 0.307056 0.676907 -0.668964 0 0 0 0.784023 1.24948 -0.395417 -0.448737 1.45291 -0.888184 -1.30873 -0.407978 -0.474147 -10 1.49976 -0.173587 -4.40427 2.51347 10 -0.0696609 -0.556627 0.901912 -1.15394 -4.90683 -2.97451 2.74528 -10 7.66481 -4.34204 1.19231 -1.40164 3.01553 -10 10 
Torque : 
-4.33661  1.20866      -10    1.442 -1.88169 -1.26151  2.10351       10 -3.37419       10
Obs : 
10 10 10 -0.286241 -0.0992839 -0.953 0 0 0 0.560638 1.47557 -0.255772 -0.301122 0.172432 -0.33647 -1.27072 -0.29482 -0.390453 -10 0.699975 -0.895933 -3.13207 3.18647 10 0.308098 -0.413843 1.69095 -1.77777 -4.45895 -4.33661 1.20866 -10 1.442 -1.88169 -1.26151 2.10351 10 -3.37419 10 
Torque : 
 -0.96956   3.28667   3.36406   9.32903 -0.673693 0.0270221 -0.950558    6.1828       -10        10
Obs : 
10 -10 -10 0.668759 0.00428451 -0.743467 0 0 0 0.456497 1.33326 -0.313478 -0.512881 0.544101 -0.651472 -1.54361 -0.332055 -0.492788 -10 0.996578 -1.55785 -2.04664 3.02538 1.6212 -0.0379699 -0.259347 1.41529 -2.72666 -3.57038 -0.96956 3.28667 3.36406 9.32903 -0.673693 0.0270221 -0.950558 6.1828 -10 10 
Torque : 
-2.93846 0.426261      -10  3.68397  2.23229 -2.56938   4.9053       10 0.603976       10
Obs : 
10 10 -10 -0.62135 0.198307 -0.758023 0 0 0 0.532032 1.4939 -0.169885 -0.428218 1.04275 -0.352697 -1.34586 -0.301908 -0.38977 -10 0.19544 -1.28015 0.344134 0.308196 -1.66045 1.11443 -0.704896 1.05945 -1.39159 -3.12625 -2.93846 0.426261 -10 3.68397 2.23229 -2.56938 4.9053 10 0.603976 10 
Torque : 
-2.04363 -5.24512  2.27396   8.6965  7.23719 -4.01989 0.738548       10 -5.32509       10
Obs : 
10 10 10 0.0698539 -0.232153 -0.970168 0 0 0 0.440656 1.41904 -0.48278 -0.555498 0.55502 -0.593035 -1.59435 -0.294147 -0.459943 -10 0.275688 -1.3719 -2.80019 4.71231 -10 1.13959 -0.31591 1.64066 -0.363185 -3.14385 -2.04363 -5.24512 2.27396 8.6965 7.23719 -4.01989 0.738548 10 -5.32509 10 
Torque : 
   1.08954    3.10554    5.20838     3.7219    3.39286 0.00663835    4.50771    4.88645        -10         10
Obs : 
10 10 10 0.245944 0.150745 -0.95749 0 0 0 0.585935 1.59339 -0.753149 -0.366482 0.228397 -0.560607 -1.32378 -0.448505 -0.429218 -10 1.11107 -1.14384 -6.05662 8.33342 -10 0.532965 -1.05309 0.205472 -0.540912 -6.82057 1.08954 3.10554 5.20838 3.7219 3.39286 0.00663835 4.50771 4.88645 -10 10 
Torque : 
0.695768  2.57801  4.54318 0.355151  1.22227 -1.56317  4.43761  8.24615      -10       10
Obs : 
-10 -10 10 0.351471 0.572014 -0.741126 0 0 0 1.07872 3.11579 -1.8696 -1.31254 6.71145 -0.91169 -2.73222 -1.44226 4.35195 8.77994 0.483631 10 -5.15495 -10 -10 -5.56209 -10 -5.88047 10 10 0.695768 2.57801 4.54318 0.355151 1.22227 -1.56317 4.43761 8.24615 -10 10 
Torque : 
     -10       10       10      -10 -9.75642       10  9.99696      -10      -10  3.30725
