Obs : 
0 0 0 0 0 -1 0 0 0 0 0 0 0 0 0 0 0 0 0 0 0 0 0 0 0 0 0 0 0 0 0 0 0 0 0 0 0 0 0 
Torque : 
 -0.43819  0.348226 -0.197713 -0.772366 -0.303326  0.394206 -0.418338 -0.132075 -0.862626 -0.169969
Obs : 
-0.0309253 0.0363906 0.0172999 0.000858921 0.00070117 -0.999999 0 0 0 -0.0285597 0.00473645 0.0241933 -0.0423536 -0.392264 0.0281879 -0.00380184 0.0281182 -0.0571785 -0.191381 -0.0437177 0.00705628 0.038535 -0.0715513 -0.583495 0.0433274 -0.0056972 0.0438044 -0.0897969 -0.285672 -0.43819 0.348226 -0.197713 -0.772366 -0.303326 0.394206 -0.418338 -0.132075 -0.862626 -0.169969 
Torque : 
 -0.320136    0.45205  0.0592626  -0.100324    1.64331   0.400123   -1.04917 -0.0251687  -0.635244    1.48144
Obs : 
0.0546288 0.00387266 0.0429288 0.00217846 0.00122917 -0.999997 0 0 0 -0.104975 0.0159986 0.0976143 -0.197882 -0.678141 0.108412 -0.015722 0.117213 -0.258226 -0.0194265 -0.113858 0.0158038 0.111532 -0.239015 0.463869 0.124831 -0.0208423 0.149302 -0.358826 1.12695 -0.320136 0.45205 0.0592626 -0.100324 1.64331 0.400123 -1.04917 -0.0251687 -0.635244 1.48144 
Torque : 
   0.149104    -1.02417   -0.146026     1.46591     1.24783 -0.00776515     -1.9593   -0.211749   -0.877667     1.12279
Obs : 
0.213956 0.293378 -0.044863 0.00754633 -0.00857462 -0.999935 0 0 0 -0.174239 0.0162642 0.166012 -0.426272 1.50799 0.225592 -0.0444786 0.258764 -0.597972 1.51102 -0.125261 0.0112717 0.107261 -0.313657 1.72466 0.186609 -0.037711 0.191675 -0.463349 1.62341 0.149104 -1.02417 -0.146026 1.46591 1.24783 -0.00776515 -1.9593 -0.211749 -0.877667 1.12279 
Torque : 
  0.534218   -0.37876  -0.220679   -1.36084       -3.5   -0.78105 -0.0697948   0.218368   -2.27897       -3.5
Obs : 
-0.0474707 -0.283525 -0.0374694 0.00895693 -0.0121273 -0.999886 0 0 0 -0.196942 0.0151654 0.173863 -0.479246 2.41303 0.309046 -0.0569264 0.324329 -0.7026 1.90018 -0.116767 0.0101783 0.100751 -0.256972 1.77361 0.216902 -0.0316292 0.214527 -0.420711 1.4176 0.534218 -0.37876 -0.220679 -1.36084 -3.5 -0.78105 -0.0697948 0.218368 -2.27897 -3.5 
Torque : 
  1.47553 -0.166281  -1.19293  -2.72985      -3.5  -1.41931  0.580044 -0.625273      -3.5      -3.5
Obs : 
-0.199791 -0.731088 -0.0734917 -0.0123874 -0.00458857 -0.999913 0 0 0 -0.183869 0.0203875 0.20257 -0.449847 1.77947 0.366038 -0.0460874 0.397796 -0.705258 1.7508 -0.062371 0.0115517 0.11515 -0.161978 0.986698 0.214277 -0.0128024 0.249803 -0.330662 0.902686 1.47553 -0.166281 -1.19293 -2.72985 -3.5 -1.41931 0.580044 -0.625273 -3.5 -3.5 
Torque : 
  1.51752 0.0268205  -1.33075  -2.13553      -3.5   -1.3534  0.402014  -1.12559      -3.5      -3.5
Obs : 
0.0103012 -0.762655 0.00623437 -0.0440244 -0.00423919 -0.999021 0 0 0 -0.0991451 0.0176601 0.201991 -0.229055 0.936946 0.400219 -0.033498 0.509849 -0.63639 1.10518 0.0578496 0.00897442 0.0459665 0.253017 -0.357196 0.203889 0.00155696 0.311231 -0.152174 -0.131961 1.51752 0.0268205 -1.33075 -2.13553 -3.5 -1.3534 0.402014 -1.12559 -3.5 -3.5 
Torque : 
  0.636424   0.414133  -0.929128    -1.2104       -3.5  -0.839802 -0.0683812   -1.25132   -1.65755       -3.5
Obs : 
-0.562379 -0.177997 -0.120165 -0.056572 0.00875188 -0.99836 0 0 0 0.0381709 0.0380762 0.126658 0.244187 -3.03382 0.377129 -0.0229393 0.525367 -0.33707 -3.31068 0.161594 0.0440945 -0.040376 0.546537 -3.70205 0.13202 0.00321007 0.229347 0.151649 -3.58643 0.636424 0.414133 -0.929128 -1.2104 -3.5 -0.839802 -0.0683812 -1.25132 -1.65755 -3.5 
Torque : 
  0.133009   -1.09405 -0.0957402  -0.248667   0.717833  -0.302456        3.5  -0.124894        3.5    2.16789
Obs : 
-0.539823 0.294254 -0.393348 -0.0522231 0.0323269 -0.998112 0 0 0 0.155894 0.0881058 0.0604064 0.691622 -5.28595 0.288672 -0.033339 0.41547 0.238794 -5.08171 0.217226 0.0775901 -0.0494918 0.723914 -3.74948 0.0253328 -0.010843 0.0998382 0.540106 -2.25621 0.133009 -1.09405 -0.0957402 -0.248667 0.717833 -0.302456 3.5 -0.124894 3.5 2.16789 
Torque : 
0.0402199      -3.5   1.11863       3.5   -2.4795 -0.155126       3.5   1.16452       3.5  -1.08214
Obs : 
-0.238655 0.205297 -0.277809 -0.0416985 0.0474199 -0.998004 0 0 0 0.253791 0.129293 0.0458065 1.03983 -5.47708 0.191998 -0.0437373 0.328801 0.796383 -4.06768 0.253379 0.0890396 -0.0446879 0.895674 -2.96376 -0.0502061 -0.0101373 0.0462281 0.919683 -1.21608 0.0402199 -3.5 1.11863 3.5 -2.4795 -0.155126 3.5 1.16452 3.5 -1.08214 
Torque : 
-0.665348      -3.5   1.02999       3.5  -2.90225  0.215488       3.5   1.25176       3.5      -3.5
Obs : 
-0.0750138 -0.0084195 0.0725494 -0.03732 0.0531593 -0.997888 0 0 0 0.326127 0.146435 0.0787406 1.42375 -5.10162 0.0955445 -0.0295658 0.36 1.39735 -3.51278 0.257506 0.0777101 0.0248296 1.06125 -2.09945 -0.133178 0.0139381 0.133352 1.24179 -0.741199 -0.665348 -3.5 1.02999 3.5 -2.90225 0.215488 3.5 1.25176 3.5 -3.5 
Torque : 
-0.885157      -3.5   1.35568       3.5  -2.71487  0.786827       3.5 0.0390543       3.5      -3.5
Obs : 
-0.101286 -0.163166 0.275738 -0.0393802 0.056495 -0.997626 0 0 0 0.383355 0.133785 0.230828 1.83353 -4.61448 -0.0746922 -0.00404706 0.602915 1.99866 -3.31379 0.26804 0.0439391 0.206808 1.22008 -1.37011 -0.301771 0.0116751 0.408273 1.51816 -0.543047 -0.885157 -3.5 1.35568 3.5 -2.71487 0.786827 3.5 0.0390543 3.5 -3.5 
Torque : 
-1.04089 -2.93703  2.01055      3.5  -3.1065   1.0144      3.5  -1.4764      3.5     -3.5
Obs : 
-0.485356 -0.284393 0.237252 -0.0510656 0.0693091 -0.996287 0 0 0 0.479817 0.114988 0.590665 2.26965 -4.20551 -0.340485 -0.113451 1.11161 2.6197 -3.30021 0.315647 0.0364088 0.553448 1.37065 -0.873967 -0.391284 -0.148794 0.816948 1.75298 -0.489212 -1.04089 -2.93703 2.01055 3.5 -3.1065 1.0144 3.5 -1.4764 3.5 -3.5 
Torque : 
-1.44824 -1.28387  1.77166      3.5 -2.94762 0.676905  2.91038 -3.11179      3.5     -3.5
Obs : 
-0.485257 1.33394 0.163416 -0.0310049 0.0916801 -0.995306 0 0 0 0.520855 0.110975 1.14181 2.69595 -3.94803 -0.306966 -0.16919 1.65693 3.07617 -3.36833 0.217236 -0.00922 0.976405 1.50179 -0.560791 -0.208931 -0.0103673 1.08184 1.70412 -0.465262 -1.44824 -1.28387 1.77166 3.5 -2.94762 0.676905 2.91038 -3.11179 3.5 -3.5 
Torque : 
-0.813835   1.11164   2.17938       3.5  -1.97306 -0.837505  0.966054      -3.5       3.5      -3.5
Obs : 
-1.31122 3.37277 0.564292 0.0677571 0.124578 -0.989894 0 0 0 0.381475 -0.0828025 1.76772 3.03998 -3.72656 -0.214223 0.0631333 1.97668 3.2512 -3.41153 0.0697935 -0.268081 1.25012 1.42731 -0.279876 -0.136002 0.21928 1.02942 1.48399 -0.398152 -0.813835 1.11164 2.17938 3.5 -1.97306 -0.837505 0.966054 -3.5 3.5 -3.5 
Torque : 
0.0151307       3.5   1.59677   1.55346  0.633796  -1.72213  -3.15304      -3.5       3.5      -3.5
Obs : 
-1.8579 6.13647 1.16059 0.275587 0.183647 -0.943571 0 0 0 0.288188 -0.331905 2.0787 3.17608 -3.15724 -0.190334 0.296969 1.98558 3.27245 -3.40326 -0.00683998 -0.344681 1.15809 1.24764 0.559374 -0.103662 0.309872 0.762845 1.22174 -0.312253 0.0151307 3.5 1.59677 1.55346 0.633796 -1.72213 -3.15304 -3.5 3.5 -3.5 
Torque : 
0.210969      3.5  1.52741 -2.41389  3.23103 -1.63612     -3.5 -2.67078      3.5 -3.23163
Obs : 
-2.14099 7.49398 1.71039 0.541073 0.232523 -0.808191 0 0 0 0.23239 -0.359401 2.10666 3.0915 1.36921 -0.192657 0.369351 1.75978 3.2334 -3.35886 -0.0460089 -0.240153 0.82872 0.63124 7.95853 -0.114306 0.248507 0.389747 0.975628 -0.212347 0.210969 3.5 1.52741 -2.41389 3.23103 -1.63612 -3.5 -2.67078 3.5 -3.23163 
Torque : 
 -0.64361       3.5       3.5      -3.5  -3.23705 -0.570396      -3.5  -1.46011  0.350868       3.5
Obs : 
-3.00921 9.38758 1.79849 0.818193 0.256589 -0.514513 0 0 0 0.15878 -0.371794 1.92409 2.63372 6.69804 -0.277386 0.367966 1.31554 3.107 0.969226 -0.114518 -0.147248 0.532673 0.112268 7.67291 -0.232122 0.19034 -0.138968 0.418339 7.35867 -0.64361 3.5 3.5 -3.5 -3.23705 -0.570396 -3.5 -1.46011 0.350868 3.5 
Torque : 
-3.15698      3.5      3.5     -3.5     -3.5  1.83364     -3.5 0.861255 -3.33461  1.18561
Obs : 
-2.91458 8.06087 2.69423 0.962889 0.209542 -0.170106 0 0 0 0.0592674 -0.120458 1.7685 2.19283 2.82436 -0.359399 0.432236 0.808712 2.60079 7.58679 -0.131235 0.135566 0.284973 -0.3374 -0.151907 -0.22079 0.205982 -0.484309 -0.170995 8.84831 -3.15698 3.5 3.5 -3.5 -3.5 1.83364 -3.5 0.861255 -3.33461 1.18561 
Torque : 
-2.33769      3.5      3.5     -3.5 -1.02479  1.85606     -3.5  2.59931     -3.5     -3.5
Obs : 
-3.86582 7.05515 2.70455 0.979015 0.100055 0.177536 0 0 0 -0.0212945 0.289765 1.55555 1.7952 -5.22759 -0.32179 0.471519 0.495411 2.08001 5.47905 -0.167959 0.420981 0.119006 -0.550618 -4.09711 -0.149635 0.17413 -0.485679 -0.629843 2.04486 -2.33769 3.5 3.5 -3.5 -1.02479 1.85606 -3.5 2.59931 -3.5 -3.5 
Torque : 
-0.245822       3.5   1.52577  -3.16653       3.5 -0.331519      -3.5   3.12655  -2.78077      -3.5
Obs : 
-3.90924 4.75683 2.58648 0.909453 -0.0545898 0.412208 0 0 0 -0.120814 0.766096 1.52786 1.04434 -4.33599 -0.384271 0.444817 0.476832 1.32362 -4.85201 -0.227656 0.839138 0.214289 -1.36473 1.48646 -0.248436 0.100111 -0.344266 -0.877846 -5.48311 -0.245822 3.5 1.52577 -3.16653 3.5 -0.331519 -3.5 3.12655 -2.78077 -3.5 
Torque : 
-0.191917      -3.5   2.97348       3.5  -2.68784 -0.839284  -1.39331   2.23249       3.5      -3.5
Obs : 
-2.02717 2.23379 3.74136 0.809649 -0.234078 0.538216 0 0 0 -0.120329 1.4659 1.58167 0.160486 -0.423557 -0.781124 0.193756 0.759213 0.414275 -9.83793 -0.0617094 1.25509 0.112348 -1.80633 2.32566 -0.706131 -0.31053 -0.0633277 -1.39874 -6.35038 -0.191917 -3.5 2.97348 3.5 -2.68784 -0.839284 -1.39331 2.23249 3.5 -3.5 
Torque : 
 -1.29192      -3.5       3.5       3.5      -3.5 -0.593784    1.9108  -2.29871       3.5   1.48604
Obs : 
-0.284401 0.3116 4.62865 0.748824 -0.397945 0.530001 0 0 0 0.152063 1.77368 1.37512 -0.541878 -2.40111 -1.64653 -0.544171 0.563061 0.164414 -10 0.16766 1.05013 -0.0988539 -2.01211 -0.497871 -1.45152 -0.780918 -0.768601 -0.859735 -4.65345 -1.29192 -3.5 3.5 3.5 -3.5 -0.593784 1.9108 -2.29871 3.5 1.48604 
Torque : 
-1.89163     -3.5      3.5      3.5     -3.5 0.546025      3.5 -1.97199      3.5  1.60733
Obs : 
2.98771 3.67445 -1.37896 0.679338 -0.387605 0.623107 0 0 0 0.425168 1.60302 1.25144 -0.86263 -4.24326 -2.26993 -0.627246 -0.276385 0.634215 -7.77172 0.325245 0.643632 -0.108926 -1.75988 -1.20935 -1.449 -0.471985 -1.19739 -0.285689 -0.371016 -1.89163 -3.5 3.5 3.5 -3.5 0.546025 3.5 -1.97199 3.5 1.60733 
Torque : 
-1.92691 -2.68012  3.38378      3.5     -3.5 0.906786      3.5      3.5      3.5 0.649252
Obs : 
4.61605 6.61245 -1.7178 0.542378 -0.228599 0.808436 0 0 0 0.53171 1.15756 1.30038 -0.809898 -4.72431 -2.36798 -0.272157 -0.653212 0.822645 -2.14658 0.258506 0.034849 -0.00624197 -1.31643 -1.11414 -1.18051 -0.0435636 -1.17283 0.10388 4.71069 -1.92691 -2.68012 3.38378 3.5 -3.5 0.906786 3.5 3.5 3.5 0.649252 
Torque : 
-2.47617      3.5      3.5      3.5  1.70869  1.38067 -1.43625      3.5     -3.5 -2.48533
Obs : 
3.4983 6.06057 -1.52195 0.326016 -0.0548466 0.943772 0 0 0 0.516279 0.551683 1.27014 -0.475707 -3.11963 -2.26148 0.071461 -0.785275 0.838491 1.2491 0.222151 -0.41864 -0.168328 -0.564322 1.75258 -0.839013 0.17915 -1.00393 -0.035901 4.34961 -2.47617 3.5 3.5 3.5 1.70869 1.38067 -1.43625 3.5 -3.5 -2.48533 
Torque : 
-2.49295      3.5  2.90385   2.5784      3.5  2.34125     -3.5      3.5     -3.5     -3.5
Obs : 
0.913158 5.26168 -1.92577 0.100415 0.0514135 0.993616 0 0 0 0.585793 0.174748 1.01136 0.1424 4.46676 -1.94002 0.176396 -0.74048 0.557161 -2.65891 0.294189 -0.51319 -0.490282 0.496648 7.76461 -0.373034 0.122889 -0.761579 -0.504211 -0.465818 -2.49295 3.5 2.90385 2.5784 3.5 2.34125 -3.5 3.5 -3.5 -3.5 
Torque : 
  -2.5554       3.5   1.99332 -0.747079  0.321926   3.31145      -3.5       3.5      -3.5   1.96421
Obs : 
-1.97223 3.86849 -3.42899 -0.0860152 0.0289994 0.995872 0 0 0 0.740978 0.0568459 0.750782 0.576868 8.69152 -1.31925 -0.0385488 -0.488141 -0.0197784 -4.95987 0.39764 -0.473402 -0.565535 0.722033 8.04373 0.479081 -0.233325 -0.141848 -1.25271 -0.0583298 -2.5554 3.5 1.99332 -0.747079 0.321926 3.31145 -3.5 3.5 -3.5 1.96421 
Torque : 
  -1.2104       3.5 -0.316412   -2.7141      -3.5   1.57452      -3.5       3.5      -3.5       3.5
Obs : 
-0.373415 -1.13567 -2.69062 -0.130216 -0.0348133 0.990874 0 0 0 0.935047 0.0997763 0.684435 1.03579 5.86755 -0.110353 -0.417861 0.596709 -1.2162 -0.423424 0.481593 -0.279894 -0.34348 0.873079 0.87065 1.16767 -0.273208 0.754794 -1.64059 6.5606 -1.2104 3.5 -0.316412 -2.7141 -3.5 1.57452 -3.5 3.5 -3.5 3.5 
Torque : 
-0.494916       3.5      -3.5   0.99774      -3.5  0.833939      -3.5    2.5225      -3.5   2.85053
Obs : 
-1.1337 -2.2399 -1.15579 -0.062468 -0.0683121 0.995706 0 0 0 1.13065 0.349777 0.712954 1.38083 -5.18479 0.686752 -0.163193 1.32287 -1.16092 6.96637 0.538567 0.0508623 -0.35188 1.39539 -7.30679 1.43504 0.250178 0.997931 -1.17239 8.85587 -0.494916 3.5 -3.5 0.99774 -3.5 0.833939 -3.5 2.5225 -3.5 2.85053 
Torque : 
   0.671099    -1.78861        -3.5    -1.68203         3.5 -0.00497959        -3.5    0.166699        -3.5        -3.5
Obs : 
-0.139972 -0.378444 -0.596706 0.0122138 -0.0809567 0.996643 0 0 0 1.2813 0.729551 0.698847 1.69073 -9.38045 0.978315 0.580089 1.57509 -0.623628 5.71373 0.584954 0.295682 -0.379116 1.40106 -5.89734 1.22267 0.770689 0.908887 -0.396229 2.80716 0.671099 -1.78861 -3.5 -1.68203 3.5 -0.00497959 -3.5 0.166699 -3.5 -3.5 
Torque : 
-0.436515      -3.5   -1.4978    2.7265       3.5 -0.698447      -3.5   1.09317      -3.5      -3.5
Obs : 
0.242844 2.88258 -1.50672 -0.0551731 -0.0880744 0.994585 0 0 0 1.50741 0.896874 0.499895 1.97803 -4.07246 0.729427 0.901486 1.73455 0.0384447 -3.79167 0.670282 0.314368 -0.389987 1.22762 2.90679 0.696553 0.639396 0.922297 0.141917 -4.99564 -0.436515 -3.5 -1.4978 2.7265 3.5 -0.698447 -3.5 1.09317 -3.5 -3.5 
Torque : 
-2.38453     -3.5      3.5      3.5     -3.5 -0.47143     -3.5 -1.35349      3.5      3.5
Obs : 
-0.0947777 5.22984 0.958629 -0.237649 -0.0986494 0.966329 0 0 0 1.59565 0.787835 0.450063 2.31415 1.75249 0.440717 0.535817 1.79758 0.528484 -7.26763 0.463655 0.0881953 -0.135883 1.26696 3.06854 0.428566 0.027358 0.673048 0.40706 -2.92214 -2.38453 -3.5 3.5 3.5 -3.5 -0.47143 -3.5 -1.35349 3.5 3.5 
Torque : 
 -2.10452   2.34499       3.5   1.38517      -3.5 -0.186914      -3.5      -3.5       3.5       3.5
Obs : 
0.542257 6.74794 2.09457 -0.467481 -0.0728417 0.880997 0 0 0 1.29433 0.474468 0.93062 2.64895 -2.29381 0.27606 -0.291115 1.60067 0.80349 -0.925564 0.0392396 -0.290439 0.356548 1.14882 -2.41738 0.19135 -0.847154 0.218904 0.898797 5.89686 -2.10452 2.34499 3.5 1.38517 -3.5 -0.186914 -3.5 -3.5 3.5 3.5 
Torque : 
-0.0145556        3.5        3.5       -3.5   0.496163  -0.488749    -2.3021       -3.5   0.544188    2.04884
Obs : 
2.97399 4.66599 2.73579 -0.68791 0.0430571 0.724517 0 0 0 0.893053 -0.0378001 1.46036 2.88875 -5.77369 -0.144094 -1.37973 1.1762 1.15908 8.5275 -0.273928 -0.615566 0.704509 1.09205 -3.23005 -0.456925 -1.51768 -0.328767 1.10895 9.11327 -0.0145556 3.5 3.5 -3.5 0.496163 -0.488749 -2.3021 -3.5 0.544188 2.04884 
Torque : 
  1.20318       3.5  -2.86824      -3.5       3.5 -0.655801 -0.131372 -0.369361      -3.5      -3.5
Obs : 
-0.754598 0.815433 3.34196 -0.688134 0.192724 0.69952 0 0 0 0.592934 -0.15455 1.8946 2.86726 -1.75427 -1.35945 -2.02041 0.101436 1.73359 8.38709 -0.452114 -0.449826 0.801204 0.895368 4.18414 -1.49848 -1.5078 -1.25446 1.24298 3.8399 1.20318 3.5 -2.86824 -3.5 3.5 -0.655801 -0.131372 -0.369361 -3.5 -3.5 
Torque : 
-0.592206       3.5      -3.5      -3.5   1.34883   1.17176      -3.5   1.50631      -3.5      -3.5
Obs : 
-0.6608 6.01877 -1.68972 -0.798892 0.178603 0.574345 0 0 0 0.363901 0.33303 1.71703 2.61013 6.78991 -2.29174 -2.15008 -0.554254 1.82717 -1.33387 -0.421053 0.292632 0.297543 0.504771 7.69397 -1.61838 -1.26454 -1.06776 0.744282 -7.66374 -0.592206 3.5 -3.5 -3.5 1.34883 1.17176 -3.5 1.50631 -3.5 -3.5 
Torque : 
-0.260309   1.80228      -3.5 -0.338158      -3.5   1.37454      -3.5       3.5      -3.5       3.5
Obs : 
0.356414 4.98477 -2.52511 -0.927548 0.054097 0.369768 0 0 0 0.55576 1.04572 1.15628 2.53365 7.00508 -2.43484 -2.10352 -0.476025 1.36661 -8.51406 -0.168221 0.590464 -0.162793 0.479809 4.64488 -1.31 -0.992511 -0.600475 -0.0221145 -8.13655 -0.260309 1.80228 -3.5 -0.338158 -3.5 1.37454 -3.5 3.5 -3.5 3.5 
Torque : 
-0.565995      -3.5      -3.5       3.5      -3.5   1.14769      -3.5       3.5  0.383088       3.5
Obs : 
1.49377 5.41059 -0.278528 -0.984742 0.0358176 0.170292 0 0 0 0.562147 1.28533 0.898811 2.66743 4.5695 -2.26462 -2.01394 0.205525 0.296824 -5.6609 -0.161898 0.594024 -0.295206 0.556744 0.915478 -0.841211 -0.746637 0.336058 -1.48511 -0.186833 -0.565995 -3.5 -3.5 3.5 -3.5 1.14769 -3.5 3.5 0.383088 3.5 
Torque : 
-0.231602  -3.49857      -3.5       3.5      -3.5   1.61461 -0.660382       3.5 -0.547894       3.5
Obs : 
1.72229 9.53368 -5.04563 -0.980775 -0.100118 -0.167501 0 0 0 0.714826 1.19248 0.687686 2.88928 -2.37265 -1.97944 -1.77962 1.01217 -0.999984 5.01971 0.118725 0.349654 -0.548277 0.431364 -5.64585 -0.273108 -0.393705 0.838293 -1.23214 7.96252 -0.231602 -3.49857 -3.5 3.5 -3.5 1.61461 -0.660382 3.5 -0.547894 3.5 
Torque : 
-0.627184   3.49675      -3.5       3.5  -1.12577   1.53631      -3.5       3.5      -3.5   2.14258
Obs : 
-1.11322 8.81057 -6.46744 -0.791959 -0.309698 -0.526201 0 0 0 1.10316 1.01569 0.226566 2.93112 -6.94296 -1.42643 -1.45095 1.40968 -0.525825 10 0.528855 0.206471 -1.01087 0.372983 -6.40352 0.236155 -0.00656906 0.977214 -0.470605 8.59691 -0.627184 3.49675 -3.5 3.5 -1.12577 1.53631 -3.5 3.5 -3.5 2.14258 
Torque : 
-0.910621       3.5      -3.5   1.60891       3.5   1.70883      -3.5       3.5      -3.5      -3.5
Obs : 
-4.95124 4.63908 -4.9881 -0.501584 -0.389058 -0.772688 0 0 0 1.765 0.900357 -0.734458 2.88782 -4.48217 -0.925184 -0.9417 1.79227 -0.226462 8.68062 0.867729 0.175146 -1.63659 0.1442 0.365393 0.492154 0.335972 1.09752 -0.243066 2.16273 -0.910621 3.5 -3.5 1.60891 3.5 1.70883 -3.5 3.5 -3.5 -3.5 
Torque : 
 -1.0295  2.80305 -1.24257     -3.5  2.16451  2.03435     -3.5  1.33941     -3.5     -3.5
Obs : 
-3.49359 6.59539 -2.66193 -0.254378 -0.300533 -0.919224 0 0 0 1.93749 1.36591 -1.02548 2.41314 4.84135 -0.608387 -0.928654 1.94464 0.0948075 -2.56699 0.61731 0.507055 -1.17496 -0.282556 6.84034 0.660081 0.00705936 0.905746 -0.322855 -8.51897 -1.0295 2.80305 -1.24257 -3.5 2.16451 2.03435 -3.5 1.33941 -3.5 -3.5 
Torque : 
-2.08148  0.43813  3.45762     -3.5     -3.5  1.67661     -3.5  1.09933 -2.67869      3.5
Obs : 
-1.3989 8.65974 -1.84711 0.0879952 -0.214318 -0.972792 0 0 0 1.67736 1.4831 -0.430388 1.53552 7.87868 -0.36168 -1.28903 1.80374 0.517733 -9.04664 0.089577 0.33985 -0.118717 -0.98611 4.25962 0.724562 -0.370493 0.634292 -0.0572414 -8.40458 -2.08148 0.43813 3.45762 -3.5 -3.5 1.67661 -3.5 1.09933 -2.67869 3.5 
Torque : 
-0.381092  -1.27979       3.5    -3.062      -3.5 -0.476576  -2.16897  -1.53767       3.5       3.5
Obs : 
1.42948 8.13014 0.928947 0.443564 -0.229436 -0.866377 0 0 0 0.949871 1.104 1.03753 -0.127113 1.55927 -0.393137 -1.85477 1.41122 1.0811 -5.89193 -0.386671 -0.232482 0.93632 -2.23218 -5.58448 0.418321 -0.66803 0.0902154 0.244056 -0.467578 -0.381092 -1.27979 3.5 -3.062 -3.5 -0.476576 -2.16897 -1.53767 3.5 3.5 
Torque : 
0.309013 0.756494      3.5      3.5     -3.5 -1.39546      3.5 -2.01904      3.5 -1.70604
Obs : 
0.659165 5.56831 1.68416 0.632825 -0.272982 -0.724577 0 0 0 0.884094 0.841853 1.4394 -1.16646 -7.64996 -0.918265 -2.03406 0.710557 1.63597 0.215089 -0.311143 -0.282305 0.726767 -2.07067 -9.15406 -0.308929 -0.587039 -0.7529 0.559926 3.30323 0.309013 0.756494 3.5 3.5 -3.5 -1.39546 3.5 -2.01904 3.5 -1.70604 
Torque : 
 -0.88965  -1.77753       3.5       3.5       3.5 -0.546641       3.5  -2.36715       3.5      -3.5
Obs : 
1.82505 10 -0.825941 0.806015 -0.341455 -0.483475 0 0 0 0.706263 0.470993 1.43454 -1.17613 -8.46475 -1.95754 -2.01688 -0.616506 2.18239 -0.332972 -0.451068 -0.770259 0.581702 -1.53211 -4.67951 -0.911942 -0.448858 -1.61552 0.879278 -1.52533 -0.88965 -1.77753 3.5 3.5 3.5 -0.546641 3.5 -2.36715 3.5 -3.5 
Torque : 
  -1.37926    1.36683    2.84849        3.5        3.5 -0.0220573     3.4672        3.5        3.5       -3.5
Obs : 
6.55343 10 -2.70934 0.955464 -0.294917 -0.0106078 0 0 0 0.428968 -0.259224 1.0588 -0.528831 -0.169375 -2.34828 -1.87372 -1.4593 2.43344 -5.24853 -0.607929 -1.14386 -0.179574 -0.301238 5.93057 -0.841639 -0.153256 -1.71214 1.02294 -3.54704 -1.37926 1.36683 2.84849 3.5 3.5 -0.0220573 3.4672 3.5 3.5 -3.5 
Torque : 
-1.37072      3.5  2.79212      3.5  1.81878  1.56592     -3.5      3.5     -3.5  1.94927
Obs : 
1.27609 10 -2.3783 0.858197 -0.182605 0.479743 0 0 0 0.408251 -0.551554 0.067882 1.2219 8.99015 -2.32801 -1.67227 -1.66188 2.53692 -4.8382 -0.55321 -1.15067 -0.664116 0.828064 8.75297 -0.612726 -0.0360468 -1.42592 0.737803 -0.204909 -1.37072 3.5 2.79212 3.5 1.81878 1.56592 -3.5 3.5 -3.5 1.94927 
Torque : 
-2.37327      3.5      3.5 -2.90997     -3.5  2.90226     -3.5      3.5     -3.5      3.5
Obs : 
1.17191 8.50196 -3.90573 0.624998 -0.0641926 0.777983 0 0 0 0.41725 -0.733217 -0.136871 2.38889 8.43114 -2.02946 -1.71373 -1.33268 2.29078 2.55761 -0.353003 -1.04534 -0.338347 1.51814 2.39197 -0.148774 -0.0612026 -0.676692 0.271107 8.71206 -2.37327 3.5 3.5 -2.90997 -3.5 2.90226 -3.5 3.5 -3.5 3.5 
Torque : 
  -2.6289       3.5       3.5  -2.16745      -3.5    3.0479      -3.5       3.5      -3.5 -0.251154
Obs : 
2.34502 8.5062 -7.35083 0.306784 0.164084 0.937529 0 0 0 0.462118 -0.681839 0.283526 3.10372 -2.43697 -0.892177 -1.69248 0.146903 1.61694 8.89383 -0.532267 -0.704076 -0.274414 1.07911 -7.42526 1.13838 0.058434 1.04296 -0.681307 9.63932 -2.6289 3.5 3.5 -2.16745 -3.5 3.0479 -3.5 3.5 -3.5 -0.251154 
Torque : 
-0.428704       3.5  -2.27564  0.705484       3.5    1.3314      -3.5       3.5      -3.5      -3.5
Obs : 
-1.78689 -0.732265 -6.67463 0.0755473 0.183786 0.980059 0 0 0 0.0135653 -0.388901 0.541106 2.7845 -8.24054 0.420082 -1.35739 1.75045 0.259913 7.22175 -0.799766 -0.469155 0.343966 0.414187 -7.56554 1.70709 0.509877 1.9923 -1.74315 2.33198 -0.428704 3.5 -2.27564 0.705484 3.5 1.3314 -3.5 3.5 -3.5 -3.5 
Torque : 
 1.65594     -3.5     -3.5      3.5      3.5 -1.25384     -3.5      3.5     -3.5     -3.5
Obs : 
-2.89113 5.40743 -4.80358 -0.0994318 0.0615093 0.993141 0 0 0 -0.305483 -0.639314 1.00929 2.18759 -4.90712 0.724401 -1.409 2.36424 -1.45964 -2.10692 -0.890364 -0.744265 0.412748 -0.343947 0.522188 1.52093 -0.187733 1.50528 -2.11823 -7.4573 1.65594 -3.5 -3.5 3.5 3.5 -1.25384 -3.5 3.5 -3.5 -3.5 
Torque : 
  3.2925     -3.5     -3.5      3.5     -3.5 -2.55672     -3.5      3.5  2.49012      3.5
Obs : 
3.74832 3.19977 0.0454427 -0.246865 0.104426 0.963407 0 0 0 -0.313229 -0.884918 1.11015 1.978 0.1432 0.737813 -2.10357 2.07225 -1.79124 -8.11008 -0.679271 -0.721661 0.376363 -0.396232 1.63862 1.25377 -0.452148 1.0183 -1.85257 -8.43636 3.2925 -3.5 -3.5 3.5 -3.5 -2.55672 -3.5 3.5 2.49012 3.5 
Torque : 
 3.14551     -3.5     -3.5      3.5     -3.5 -2.02529      3.5      3.5      3.5      3.5
Obs : 
-0.653622 1.37777 0.0613441 -0.330821 0.167098 0.928782 0 0 0 -0.140217 -0.931461 1.38935 1.97786 -1.41585 0.683408 -1.97104 1.88335 -1.75519 -8.88413 -0.400339 -0.597556 0.654932 -0.275907 -0.530971 0.996657 0.00654691 0.729612 -1.39229 -6.71609 3.14551 -3.5 -3.5 3.5 -3.5 -2.02529 3.5 3.5 3.5 3.5 
Torque : 
  2.39219      -3.5      -3.5       3.5      -3.5 -0.778703   3.48202       3.5       3.5       3.5
Obs : 
-3.19532 1.37195 0.300174 -0.372751 0.0878839 0.92376 0 0 0 0.102879 -0.890844 1.81063 2.02875 -2.95092 0.632269 -1.34749 1.69652 -1.40701 -7.69678 -0.152674 -0.401035 0.848676 -0.170087 -1.26232 0.793824 0.556172 0.403757 -0.77122 -2.84778 2.39219 -3.5 -3.5 3.5 -3.5 -0.778703 3.48202 3.5 3.5 3.5 
Torque : 
  1.68052      -3.5      -3.5       3.5      -3.5 -0.255772 -0.430388       3.5       3.5       3.5
Obs : 
-1.90073 0.712575 0.659472 -0.413352 -0.0170967 0.910411 0 0 0 0.220938 -0.671194 2.02104 2.13811 -3.57148 0.558692 -0.935189 1.13538 -0.522066 0.568269 -0.0934931 -0.15219 0.7797 -0.0235559 -1.31796 0.482859 0.536014 -0.441889 0.321784 7.97809 1.68052 -3.5 -3.5 3.5 -3.5 -0.255772 -0.430388 3.5 3.5 3.5 
Torque : 
   2.0748      -3.5      -3.5   1.66866   2.02353 -0.577737      -3.5       3.5      -3.5       3.5
Obs : 
1.37804 1.46211 1.92209 -0.476521 0.00101846 0.879163 0 0 0 0.197921 -0.563681 2.03615 2.31512 -1.42999 -0.232437 -0.936843 -0.405087 1.03382 9.53725 -0.0961516 -0.12721 0.629069 0.12667 2.62765 -0.225667 0.612424 -1.31781 0.994983 10 2.0748 -3.5 -3.5 1.66866 2.02353 -0.577737 -3.5 3.5 -3.5 3.5 
Torque : 
 0.92813      3.5     -3.5 -3.04602      3.5 0.368245     -3.5      3.5     -3.5     -3.5
Obs : 
0.536257 1.2622 0.441002 -0.515523 0.0586324 0.854867 0 0 0 0.140963 -0.353722 1.90355 2.46496 4.17112 -0.699239 -0.540378 -1.17119 1.53774 9.4514 -0.105159 0.501463 0.30669 0.551193 6.19889 -0.35196 0.894757 -1.44909 0.987019 5.02224 0.92813 3.5 -3.5 -3.04602 3.5 0.368245 -3.5 3.5 -3.5 -3.5 
Torque : 
  0.449753        3.5   -3.28462       -3.5 -0.0932634   0.571865       -3.5        3.5       -3.5       -3.5
Obs : 
-1.65551 0.155496 -1.33752 -0.548242 0.0321082 0.835703 0 0 0 0.323346 0.593562 1.46264 2.80778 6.83156 -0.724561 -0.0977886 -1.28387 1.81326 -0.454663 0.196583 1.06518 -0.187573 0.628823 5.98166 -0.249394 1.06565 -0.966023 1.13116 -7.56567 0.449753 3.5 -3.28462 -3.5 -0.0932634 0.571865 -3.5 3.5 -3.5 -3.5 
Torque : 
-0.606738  0.240075      -3.5    1.8709      -3.5  0.434292      -3.5   2.77653      -3.5   2.37375
Obs : 
-1.57764 -1.30362 -2.27688 -0.527444 -0.0682115 0.846847 0 0 0 0.788864 1.08875 0.778615 2.90654 3.5988 -0.6455 0.17194 -1.08107 1.6983 -9.2699 0.70849 1.14542 -0.955782 0.417551 -0.931012 -0.126793 1.00286 -0.632438 0.681307 -9.59656 -0.606738 0.240075 -3.5 1.8709 -3.5 0.434292 -3.5 2.77653 -3.5 2.37375 
Torque : 
-3.39658     -3.5     -3.5      3.5     -3.5  2.52864 -2.29193 0.858632      3.5      3.5
Obs : 
-0.37613 1.04902 -1.32129 -0.527712 -0.132998 0.838947 0 0 0 1.24774 1.09357 -0.0129288 2.68533 -5.10577 -0.48311 0.246736 -0.936838 1.4779 -8.97921 0.974064 0.819798 -1.47914 0.36592 -6.16082 0.0836424 0.856168 -0.44399 0.466676 -4.46348 -3.39658 -3.5 -3.5 3.5 -3.5 2.52864 -2.29193 0.858632 3.5 3.5 
Torque : 
-2.96099 -3.19522 0.407259      3.5     -3.5  2.79615      3.5      3.5      3.5  3.21728
Obs : 
-1.12793 2.65553 -0.271467 -0.582129 -0.175244 0.793987 0 0 0 1.63797 0.79428 -0.835248 2.37425 -8.75204 -0.226698 0.291996 -0.936833 1.2757 0.217052 1.00774 0.336944 -1.76096 -0.0722719 -6.34926 0.270343 0.775333 -0.523639 0.0357763 7.10581 -2.96099 -3.19522 0.407259 3.5 -3.5 2.79615 3.5 3.5 3.5 3.21728 
Torque : 
-2.07782  2.06951  3.36319      3.5  2.21432  1.77129 -1.44064      3.5      3.5     -3.5
Obs : 
-0.458032 0.178812 0.849636 -0.629369 -0.197502 0.75159 0 0 0 1.71251 0.553189 -1.16238 1.93438 -7.40623 0.0632594 0.311112 -0.930377 1.07278 8.4111 0.808611 0.227163 -1.56803 -0.390172 -1.93414 0.477137 0.613644 -0.386813 -0.0549485 8.04503 -2.07782 2.06951 3.36319 3.5 2.21432 1.77129 -1.44064 3.5 3.5 -3.5 
Torque : 
  0.540198  -0.321252   0.184441   -1.65413        3.5 -0.0227689       -3.5   -1.34601       -3.5       -3.5
Obs : 
0.23004 0.307309 2.54372 -0.64667 -0.157506 0.746331 0 0 0 1.65025 0.495816 -1.17771 1.29037 2.01565 0.432226 0.203547 -0.906968 1.12405 5.98487 0.61065 0.129073 -1.13841 -1.25455 9.69568 0.721666 0.373703 -0.232756 -0.0101288 1.15427 0.540198 -0.321252 0.184441 -1.65413 3.5 -0.0227689 -3.5 -1.34601 -3.5 -3.5 
Torque : 
0.380791 0.456658  1.86901     -3.5 0.275562 0.453279     -3.5 -2.43915     -3.5     -3.5
Obs : 
2.02346 1.08883 5.24429 -0.681229 -0.00734303 0.732033 0 0 0 1.37752 0.490918 -0.817172 0.43286 10 0.674201 0.0264368 -0.854115 1.05678 -4.6568 0.147827 0.15007 -0.444332 -1.86855 10 0.701346 0.155315 -0.236533 0.26046 -6.77784 0.380791 0.456658 1.86901 -3.5 0.275562 0.453279 -3.5 -2.43915 -3.5 -3.5 
Torque : 
   0.350146         3.5    0.979938        -3.5        -3.5 -0.00561488  -0.0251421        -3.5    -2.54565         3.5
Obs : 
-0.950104 -0.843723 4.94399 -0.669122 0.171296 0.723142 0 0 0 0.604688 0.67936 0.202765 -1.13269 10 0.711386 -0.0938943 -0.756274 0.916272 -8.58193 -0.464219 0.244084 0.308601 -2.55689 6.62161 0.569905 0.108707 -0.157809 0.0503755 -5.13961 0.350146 3.5 0.979938 -3.5 -3.5 -0.00561488 -0.0251421 -3.5 -2.54565 3.5 
Torque : 
  1.55353 -0.424074  -1.16017      -3.5      -3.5 -0.736105   1.17696      -3.5 -0.966302       3.5
Obs : 
-0.518749 -0.0441436 5.32534 -0.618902 0.259829 0.741248 0 0 0 0.0627274 0.760533 0.670444 -1.59916 2.12499 0.647671 -0.0997696 -0.745916 0.604207 -3.34667 -0.830901 0.248329 0.552083 -2.02959 -4.57392 0.398137 0.0766352 0.00114601 -0.34923 3.38604 1.55353 -0.424074 -1.16017 -3.5 -3.5 -0.736105 1.17696 -3.5 -0.966302 3.5 
Torque : 
  1.29269      -3.5  -2.07364      -3.5      -3.5  0.581216 -0.668759      -3.5       3.5       3.5
Obs : 
0.840316 2.2619 5.55907 -0.583522 0.422749 0.693387 0 0 0 -0.260258 0.77089 0.165849 -0.174613 -9.22254 0.464476 -0.15927 -0.8328 0.364135 7.98067 -0.616484 0.201606 -0.430144 -0.330704 -8.90147 0.164914 0.0166194 -0.0819501 -0.651052 8.98399 1.29269 -3.5 -2.07364 -3.5 -3.5 0.581216 -0.668759 -3.5 3.5 3.5 
Torque : 
  1.82121      -3.5  -1.29312 -0.392711       3.5  0.264795       3.5       3.5       3.5      -3.5
Obs : 
0.453295 0.439641 3.42324 -0.537854 0.533169 0.653027 0 0 0 -0.0580615 0.656876 -0.711764 1.0267 -10 0.260228 -0.125203 -1.07135 0.567475 10 -0.335087 -0.0177948 -0.873808 0.255461 -4.6598 -0.0326712 0.106201 -0.283036 -0.321704 6.08799 1.82121 -3.5 -1.29312 -0.392711 3.5 0.264795 3.5 3.5 3.5 -3.5 
Torque : 
  2.50467      -3.5 -0.902288  -1.13991       3.5 -0.793664   1.63942   1.30953 -0.347279      -3.5
Obs : 
0.80775 -0.163124 2.46005 -0.466212 0.613189 0.637688 0 0 0 0.184797 0.216342 -1.29598 1.67804 -2.375 0.0780334 0.00537802 -1.32487 0.917312 3.74878 -0.0858684 -0.5619 -1.06623 0.979568 6.2415 -0.178705 0.241011 -0.418383 -0.345755 -3.83144 2.50467 -3.5 -0.902288 -1.13991 3.5 -0.793664 1.63942 1.30953 -0.347279 -3.5 
Torque : 
  0.909579   -2.59477    1.95543  -0.166569        3.5 -0.0449151       -3.5   -2.17404   -2.89235       -3.5
Obs : 
2.24983 -3.21035 1.78402 -0.345033 0.697879 0.627628 0 0 0 0.432422 -0.648072 -1.49912 2.11472 9.79744 -0.00694802 -0.0184642 -1.40857 1.26168 -7.75449 0.300867 -1.34662 -0.660886 1.32402 10 -0.192033 0.111416 -0.246481 -0.342354 -8.92085 0.909579 -2.59477 1.95543 -0.166569 3.5 -0.0449151 -3.5 -2.17404 -2.89235 -3.5 
Torque : 
 0.472452   3.08458 -0.221764      -3.5      -3.5 -0.401008  -2.65736  -1.49767  -2.92728       3.5
Obs : 
1.25551 -1.28375 0.810391 -0.2456 0.754044 0.609178 0 0 0 1.11777 -1.25803 -0.824255 2.29365 10 -0.0124836 -0.15678 -1.37873 1.23902 -10 0.941793 -1.33086 0.299092 1.07091 7.73563 -0.146623 -0.0332326 -0.159687 -0.378806 -5.71934 0.472452 3.08458 -0.221764 -3.5 -3.5 -0.401008 -2.65736 -1.49767 -2.92728 3.5 
Torque : 
 -0.32549       3.5 -0.161777      -3.5      -3.5  0.626102      -3.5  0.865056      -3.5       3.5
Obs : 
2.23877 -0.773377 -0.102758 -0.206227 0.804171 0.557476 0 0 0 1.83727 -1.33044 0.0576625 2.05359 7.63603 0.042132 -0.414801 -1.27946 0.991694 -3.47989 1.1229 -1.0817 0.606446 0.711523 2.44759 -0.00757491 -0.324489 0.14907 -0.764249 4.03258 -0.32549 3.5 -0.161777 -3.5 -3.5 0.626102 -3.5 0.865056 -3.5 3.5 
Torque : 
-1.40813      3.5 -2.31299     -3.5     -3.5  1.57318     -3.5  1.12384     -3.5      3.5
Obs : 
2.3078 -0.453093 -0.293313 -0.220269 0.847661 0.482651 0 0 0 2.01089 -1.23174 0.225861 1.63017 0.514135 0.398487 -0.905879 -0.782851 0.351956 8.79383 0.891336 -0.796646 0.536395 0.591625 -7.72563 0.51126 -0.698436 1.02015 -1.52753 9.82366 -1.40813 3.5 -2.31299 -3.5 -3.5 1.57318 -3.5 1.12384 -3.5 3.5 
Torque : 
-0.434563       3.5      -3.5      -3.5   1.47249   1.80465      -3.5 -0.127674      -3.5      -3.5
Obs : 
3.45956 -0.6941 5.93193 -0.0847869 0.923402 0.374352 0 0 0 1.76046 -1.09278 0.281664 1.02149 -7.62312 0.822822 -1.20237 0.327244 -0.727003 10 0.435016 -0.55609 0.556555 -0.236627 -9.68499 0.542849 -0.696866 1.54867 -2.048 8.13007 -0.434563 3.5 -3.5 -3.5 1.47249 1.80465 -3.5 -0.127674 -3.5 -3.5 
Torque : 
 1.14748      3.5     -3.5     -3.5      3.5  0.98187 0.837051 -2.90591 0.513671     -3.5
Obs : 
2.24979 -2.5399 4.73569 0.148037 0.957074 0.249186 0 0 0 1.33822 -0.968719 0.528316 -0.216548 -6.85067 0.803295 -1.31876 0.76237 -1.15992 7.44192 -0.0639714 -0.374673 0.761504 -1.58817 -3.43894 0.405144 -0.649998 1.44481 -1.42116 -0.999725 1.14748 3.5 -3.5 -3.5 3.5 0.98187 0.837051 -2.90591 0.513671 -3.5 
Torque : 
0.656314  2.74524 -2.55879     -3.5      3.5  1.06402      3.5     -3.5  2.69626     -3.5
Obs : 
-0.954572 -2.39883 7.01289 0.359716 0.903019 0.234862 0 0 0 0.622837 -0.813772 0.457819 -1.22404 3.50339 0.334922 -1.30881 -0.124423 0.377981 -5.85887 -0.583209 -0.133843 0.325244 -0.938624 6.4988 -0.580027 -0.462605 -0.238153 0.759232 -9.71906 0.656314 2.74524 -2.55879 -3.5 3.5 1.06402 3.5 -3.5 2.69626 -3.5 
Torque : 
 0.809127  -3.37531 -0.262713      -3.5      -3.5  0.789935  0.233484  -2.61168   3.42534       3.5
Obs : 
-0.423035 0.219 9.26103 0.676733 0.701823 0.222434 0 0 0 0.131524 -0.615051 0.0936306 -0.53468 9.09932 -0.759845 -1.00118 -1.53728 1.57127 -10 -0.864086 0.0323714 -0.140246 0.0803574 5.52558 -1.11707 0.044688 -1.00789 1.37329 -8.45364 0.809127 -3.37531 -0.262713 -3.5 -3.5 0.789935 0.233484 -2.61168 3.42534 3.5 
Torque : 
  1.13336  -1.17208  0.724172      -3.5      -3.5 -0.430823  0.194111  -1.66407  0.760287       3.5
Obs : 
-3.83858 -1.06401 6.83729 0.861172 0.438319 0.257407 0 0 0 -0.301269 -0.390338 -0.257906 0.272543 4.34837 -1.09881 -0.353938 -2.09689 2.47106 -6.93922 -1.02089 0.277474 -0.157608 0.151188 -2.52241 -0.932425 0.553893 -1.08299 1.83938 -0.643974 1.13336 -1.17208 0.724172 -3.5 -3.5 -0.430823 0.194111 -1.66407 0.760287 3.5 
Torque : 
  0.981907       -3.5   0.811548       -3.5       -3.5 -0.0636839       -3.5  0.0113281    1.80894        3.5
Obs : 
-6.54907 -4.50903 6.78839 0.974201 0.129338 0.184946 0 0 0 -0.580277 -0.135557 -0.124199 0.638562 -6.83585 -1.31655 -0.215509 -2.01545 2.95066 5.5348 -0.961295 0.426645 0.270581 0.13404 -8.48369 -1.35819 -0.883238 -0.232086 1.15661 9.30409 0.981907 -3.5 0.811548 -3.5 -3.5 -0.0636839 -3.5 0.0113281 1.80894 3.5 
Torque : 
 1.01674     -3.5 -2.60655 -2.29435      3.5 0.756443 -2.70652 0.471399      3.5     -3.5
Obs : 
2.46287 -6.12271 4.40499 0.990354 -0.123941 -0.0619534 0 0 0 -0.648889 -0.0900108 0.238984 0.423352 -9.98201 -1.43666 -1.91385 -1.12273 2.21909 10 -0.815883 0.259806 0.39697 -0.0863187 -6.07243 -0.772663 -1.43501 0.756434 0.378812 8.71037 1.01674 -3.5 -2.60655 -2.29435 3.5 0.756443 -2.70652 0.471399 3.5 -3.5 
Torque : 
  2.25793 -0.132267      -3.5  -2.71787       3.5  0.425592       3.5  -3.00959   -1.7398      -3.5
Obs : 
1.22579 -0.0119269 3.49988 0.93857 -0.298781 -0.172674 0 0 0 -0.517633 -0.0866118 0.320904 0.0967167 -3.7855 -0.921787 -2.31197 -0.11314 1.40734 7.73447 -0.456638 0.353015 0.429461 -0.661879 3.45276 -0.274706 -1.31524 1.20721 -0.0163306 0.311911 2.25793 -0.132267 -3.5 -2.71787 3.5 0.425592 3.5 -3.00959 -1.7398 -3.5 
Torque : 
  2.19027   0.52124 -0.989436      -3.5       3.5   -1.3417       3.5  -3.40332   1.46217      -3.5
Obs : 
-3.5201 2.70596 2.38654 0.901513 -0.417678 -0.113223 0 0 0 -0.0661356 0.146547 0.182793 -0.418502 8.32579 -0.606498 -2.28436 0.508079 0.848171 -5.04299 0.135261 0.462756 0.149706 -1.17366 9.49922 -0.164811 -0.917745 1.17596 0.128003 -9.33806 2.19027 0.52124 -0.989436 -3.5 3.5 -1.3417 3.5 -3.40332 1.46217 -3.5 
Torque : 
 1.74789     -3.5  2.11357     -3.5     -3.5 -2.59078 0.770239 -2.59606  2.15461      3.5
Obs : 
-2.82808 0.679686 1.2551 0.871587 -0.477296 -0.111912 0 0 0 0.710802 0.0204456 -0.268237 -0.669085 10 -0.662667 -2.0576 0.671564 0.444091 -10 0.809703 -0.00718387 -0.240304 -1.07495 7.6728 -0.30975 -0.593247 0.864815 -0.0212804 -8.89483 1.74789 -3.5 2.11357 -3.5 -3.5 -2.59078 0.770239 -2.59606 2.15461 3.5 
Torque : 
   0.8318      -3.5   2.30175      -3.5      -3.5 -0.956723  0.797868   -2.8936  0.683408       3.5
Obs : 
-3.12909 0.802978 -1.30882 0.886066 -0.441049 -0.1427 0 0 0 1.75647 -0.805019 -0.327059 -0.74153 7.96491 -0.85472 -1.89152 0.409291 0.336171 -7.66373 1.62912 -0.726311 0.183862 -0.885673 0.78783 -0.41014 -0.375681 0.357804 0.188504 -1.5109 0.8318 -3.5 2.30175 -3.5 -3.5 -0.956723 0.797868 -2.8936 0.683408 3.5 
Torque : 
 -1.08995       3.5       3.5      -3.5      -3.5   1.97252 -0.974219 -0.276127   1.19952       3.5
Obs : 
-1.141 -0.804264 -1.48933 0.91124 -0.365253 -0.190348 0 0 0 2.37776 -1.29205 -0.194807 -0.320691 -3.46017 -0.962157 -1.77394 0.126668 0.145775 4.64799 1.50125 -0.774991 -0.176817 -0.0416091 -8.90058 -0.387873 -0.243716 0.00542832 0.671821 9.24577 -1.08995 3.5 3.5 -3.5 -3.5 1.97252 -0.974219 -0.276127 1.19952 3.5 
Torque : 
 -2.13016       3.5   1.81229      -3.5       3.5   2.46531  -2.37176 -0.781479  0.111929      -3.5
Obs : 
2.17743 -0.44603 -1.59636 0.931368 -0.3008 -0.205117 0 0 0 2.25682 -1.34529 -0.61444 -0.0894679 -9.0352 -0.924726 -1.7172 -0.0219614 0.0489678 10 1.1042 -0.604337 -0.366348 -0.278303 -8.09527 -0.281179 -0.173874 -0.11849 0.611746 9.03588 -2.13016 3.5 1.81229 -3.5 3.5 2.46531 -2.37176 -0.781479 0.111929 -3.5 
Torque : 
-0.118045       3.5  -2.85241  -1.06334       3.5   1.22016  0.427967 -0.955275      -3.5      -3.5
Obs : 
2.36927 -0.344997 -1.75172 0.946821 -0.258784 -0.191207 0 0 0 1.88726 -1.15105 -0.996778 -0.517545 -5.00555 -0.806734 -1.69037 -0.0146619 -0.184366 8.1576 0.480769 -0.130078 -0.681964 -0.876066 0.406791 -0.0932774 -0.130993 -0.077329 0.52196 1.41707 -0.118045 3.5 -2.85241 -1.06334 3.5 1.22016 0.427967 -0.955275 -3.5 -3.5 
Torque : 
  0.914676    3.04786   -1.45307   0.337943        3.5   0.338021 -0.0651296   -3.01386       -3.5       -3.5
Obs : 
-2.88027 -4.27978 -1.22488 0.942088 -0.190137 -0.276259 0 0 0 1.48282 0.218395 -1.47546 -0.194111 5.99563 -0.790892 -1.58063 -0.0912096 -0.504209 -3.91942 0.33624 1.70433 -0.693521 -0.376567 7.41388 -0.143397 0.00269944 -0.140903 -0.0257043 -8.33804 0.914676 3.04786 -1.45307 0.337943 3.5 0.338021 -0.0651296 -3.01386 -3.5 -3.5 
Torque : 
  0.15757      -3.5  0.491767  -1.38994      -3.5 0.0102959  -2.66505      -3.5      -3.5   2.63975
Obs : 
-4.1513 -0.102257 0.565987 0.912589 -0.13015 -0.387612 0 0 0 1.16711 1.95391 -0.931848 0.0351844 9.00375 -1.1834 -1.17226 -0.771205 -0.303718 -10 -0.160665 1.79681 0.0696183 0.00909569 4.32078 -0.484165 0.576435 -0.681247 0.204754 -9.05605 0.15757 -3.5 0.491767 -1.38994 -3.5 0.0102959 -2.66505 -3.5 -3.5 2.63975 
Torque : 
-1.69263     -3.5 -0.90321  2.95416     -3.5 0.275139 -1.28078 -1.85114      3.5      3.5
Obs : 
1.53018 4.6876 0.533574 0.941556 -0.121758 -0.314081 0 0 0 0.366614 2.10204 0.139853 0.282835 1.92489 -1.43761 -0.321746 -1.16964 -0.0393884 -8.996 -0.86218 1.52001 0.8749 0.473687 -5.5764 -0.481719 1.17092 -0.816949 0.573747 -3.45982 -1.69263 -3.5 -0.90321 2.95416 -3.5 0.275139 -1.28078 -1.85114 3.5 3.5 
Torque : 
 -1.51097      -3.5   3.47641       3.5      -3.5 -0.387952       3.5       3.5       3.5       3.5
Obs : 
6.79589 6.97957 0.258194 0.984969 -0.171462 -0.0209115 0 0 0 -0.457065 2.03845 1.29632 0.416745 -8.52366 -1.48274 0.835671 -1.50182 0.0292163 0.733021 -1.36221 1.17282 1.68793 0.177657 -9.43746 -0.376117 2.15168 -0.845218 -0.25844 7.86917 -1.51097 -3.5 3.47641 3.5 -3.5 -0.387952 3.5 3.5 3.5 3.5 
Torque : 
  -3.36215   -2.25701        3.5        3.5   0.420412 -0.0318787       -3.5        3.5       -3.5       -3.5
Obs : 
2.00812 3.0272 -0.937307 0.972156 -0.0939875 0.214659 0 0 0 -0.925336 1.93389 2.08736 0.614257 -10 -1.27054 1.3075 -1.44937 -0.987259 8.00804 -1.31202 0.904908 1.77858 0.419531 -8.24578 -0.309433 1.75821 -0.533588 -0.761134 8.1309 -3.36215 -2.25701 3.5 3.5 0.420412 -0.0318787 -3.5 3.5 -3.5 -3.5 
Torque : 
 -1.87478      -3.5  -3.26083       3.5       3.5 -0.946983      -3.5       3.5      -3.5      -3.5
Obs : 
0.205759 0.77242 1.72801 0.948876 -0.109068 0.296206 0 0 0 -0.929411 1.82795 2.31873 1.00113 -7.49784 -1.54316 1.109 -1.05181 -1.33162 4.40341 -1.00881 0.616337 1.5236 0.802852 -0.665461 -0.567858 1.24286 -0.174169 -0.756013 0.0641614 -1.87478 -3.5 -3.26083 3.5 3.5 -0.946983 -3.5 3.5 -3.5 -3.5 
Torque : 
 -2.07988      -3.5      -3.5       3.5   2.13259 -0.732172      -3.5       3.5      -3.5      -3.5
Obs : 
-1.22138 -0.545411 1.74016 0.936082 -0.170373 0.307773 0 0 0 -0.458413 1.63766 2.21788 1.17312 3.77022 -1.77388 0.690326 -0.951655 -0.66981 -6.41413 -0.148081 0.331353 0.998193 1.2121 8.73468 -0.47185 0.491915 -0.330338 0.457492 -6.34852 -2.07988 -3.5 -3.5 3.5 2.13259 -0.732172 -3.5 3.5 -3.5 -3.5 
Torque : 
 -1.57144      -3.5      -3.5       3.5      -3.5  0.578859      -3.5       3.5 -0.199142       3.5
Obs : 
0.298295 1.20999 -1.74251 0.937927 -0.171637 0.301386 0 0 0 0.493687 1.29006 1.85222 1.55613 8.88875 -1.33195 -0.272799 -0.932064 0.20061 -9.28739 0.704029 -0.102058 0.619898 1.45554 6.36328 0.214749 -0.247879 0.103822 0.850254 -4.67688 -1.57144 -3.5 -3.5 3.5 -3.5 0.578859 -3.5 3.5 -0.199142 3.5 
Torque : 
-0.364698      -3.5      -3.5       3.5      -3.5  0.134596      -3.5       3.5      -3.5       3.5
Obs : 
-2.67377 4.46143 -1.73507 0.893 -0.0902521 0.440915 0 0 0 1.49654 0.920088 1.69582 2.34381 1.76335 -0.240054 -0.470325 0.0712859 0.123659 -3.69688 1.27048 -0.212502 0.468241 2.13872 -3.93875 1.19057 0.0995375 1.18428 -0.0941442 4.53317 -0.364698 -3.5 -3.5 3.5 -3.5 0.134596 -3.5 3.5 -3.5 3.5 
Torque : 
-0.0225254   0.105378       -3.5    2.11836       -3.5   0.380237       -3.5        3.5       -3.5        3.5
Obs : 
-2.01275 1.74902 5.33527 0.826099 -0.224761 0.516761 0 0 0 1.71881 0.679611 1.87182 3.12132 -7.97878 0.878505 0.355207 0.675416 -0.615587 8.36176 1.01285 -0.383337 0.3816 2.06877 -7.55763 1.56987 0.663546 0.708193 -0.434956 10 -0.0225254 0.105378 -3.5 2.11836 -3.5 0.380237 -3.5 3.5 -3.5 3.5 
Torque : 
 0.169406   1.00289 -0.667392  -1.53868       3.5  0.196896      -3.5       3.5      -3.5      -3.5
Obs : 
-0.550289 1.64749 8.06318 0.692046 -0.484052 0.535505 0 0 0 1.66418 0.504845 1.77048 3.33095 -9.08706 1.24785 0.696253 -0.016351 -0.519141 10 0.805771 -0.472741 0.196835 1.80639 -3.9309 1.4106 0.635526 -0.00265955 -0.286986 8.42113 0.169406 1.00289 -0.667392 -1.53868 3.5 0.196896 -3.5 3.5 -3.5 -3.5 
Torque : 
0.00954472    3.16485   0.654201   -3.10263        3.5   0.370218       -3.5        3.5       -3.5       -3.5
Obs : 
0.154251 1.21396 10 0.407366 -0.703525 0.582327 0 0 0 1.59125 0.295521 1.61634 3.14117 -1.18658 1.24025 0.707397 -0.759023 -0.361515 7.32537 0.565243 -0.657001 0.121995 1.1845 6.41447 1.10261 0.472053 -0.674179 0.376944 -0.735176 0.00954472 3.16485 0.654201 -3.10263 3.5 0.370218 -3.5 3.5 -3.5 -3.5 
Torque : 
-1.43073      3.5   3.3705     -3.5      3.5  1.47676     -3.5      3.5     -3.5     -3.5
Obs : 
3.01886 -2.15643 10 0.00295243 -0.765273 0.643699 0 0 0 1.06386 -0.55707 1.6685 1.87971 10 1.04333 0.375141 -1.16165 -0.56176 -5.19714 0.0689536 -0.90908 0.283812 0.119383 10 0.699358 -0.0548453 -0.620544 0.342531 -9.3365 -1.43073 3.5 3.3705 -3.5 3.5 1.47676 -3.5 3.5 -3.5 -3.5 
Torque : 
 -0.84603       3.5 -0.787412      -3.5      -3.5  0.573833  -2.12094      -3.5  -2.45297       3.5
Obs : 
3.35982 1.21564 10 -0.304312 -0.593558 0.745039 0 0 0 0.472943 -0.61908 1.88324 0.565953 10 0.677349 -0.3864 -1.34111 -0.504506 -10 -0.650686 -0.485142 0.337699 -1.16355 8.11097 0.217139 -1.02599 -0.615277 0.368647 -8.74174 -0.84603 3.5 -0.787412 -3.5 -3.5 0.573833 -2.12094 -3.5 -2.45297 3.5 
Torque : 
 0.483993       3.5  -1.14393      -3.5      -3.5 -0.519558       3.5  -3.44961  -0.39828       3.5
Obs : 
0.868388 -7.98871 10 -0.51836 -0.26264 0.813833 0 0 0 -0.110247 1.39811 1.65408 -0.910856 10 -0.0688059 -1.53272 -1.51223 -0.444726 -7.76559 -0.109198 1.17402 -0.610486 -1.8018 4.49314 -0.497464 -1.58509 -0.635258 0.334056 -1.81726 0.483993 3.5 -1.14393 -3.5 -3.5 -0.519558 3.5 -3.44961 -0.39828 3.5 
Torque : 
  2.04776      -3.5      -3.5      -3.5      -3.5 -0.427372   3.46974      -3.5  0.955823       3.5
Obs : 
5.59145 -9.15856 8.18734 -0.187901 -0.0280064 0.981789 0 0 0 0.924766 1.80244 -0.358876 -0.975798 2.67806 -0.45395 -2.04761 -1.44737 -0.246769 3.5414 1.20969 0.970447 -2.97048 -0.773225 -6.22632 -0.320633 -1.49762 -0.0984022 0.746298 9.41691 2.04776 -3.5 -3.5 -3.5 -3.5 -0.427372 3.46974 -3.5 0.955823 3.5 
Torque : 
 2.83781 0.503536     -3.5     -3.5     -3.5 0.638059      3.5     -3.5  2.76869     -3.5
Obs : 
-4.58049 -8.95036 10 0.109425 0.0166991 0.993855 0 0 0 1.06376 0.827949 -2.32294 1.00374 -9.36804 0.143984 -1.77272 -0.36575 -0.0667178 10 0.331079 0.824588 -3.04849 0.224982 -10 0.30199 -0.945698 0.972581 0.970904 9.10675 2.83781 0.503536 -3.5 -3.5 -3.5 0.638059 3.5 -3.5 2.76869 -3.5 
Torque : 
      3.5      -3.5 -0.996796  0.865676       3.5   2.02264      -3.5      -3.5   1.91325      -3.5
Obs : 
-7.23992 -6.44088 10 0.353479 -0.362965 0.862154 0 0 0 -0.0612924 1.07245 -2.61991 1.95836 -10 0.420344 -1.45442 0.590591 0.388539 7.07252 -0.774246 0.835444 -2.56334 0.679935 -6.18539 0.100229 -0.514868 1.08232 1.62275 0.589357 3.5 -3.5 -0.996796 0.865676 3.5 2.02264 -3.5 -3.5 1.91325 -3.5 
Torque : 
 2.8088    -3.5 2.98131 2.40659     3.5 1.59293    -3.5    -3.5 2.26409    -3.5
Obs : 
-8.37987 -3.31046 7.32037 0.252261 -0.752851 0.607931 0 0 0 -1.14208 1.29884 -2.46528 2.44272 -2.83772 0.0982661 -1.16992 0.641619 1.1696 -4.81727 -1.14704 0.940944 -1.87256 1.01489 4.54216 -0.182641 -0.251792 0.680887 2.38579 -7.96784 2.8088 -3.5 2.98131 2.40659 3.5 1.59293 -3.5 -3.5 2.26409 -3.5 
Torque : 
  1.23951      -3.5       3.5 -0.763653  -3.43162  -0.26435      -3.5      -3.5       3.5    2.0475
Obs : 
-6.61612 -4.85053 2.4466 0.175508 -0.941628 0.287286 0 0 0 -1.4608 1.7474 -2.14969 2.38409 4.02704 -0.18123 -1.09364 0.450364 2.10292 -10 -1.04126 1.16364 -1.32117 0.790271 6.19506 -0.410035 -0.264555 0.284931 2.83361 -8.36562 1.23951 -3.5 3.5 -0.763653 -3.43162 -0.26435 -3.5 -3.5 3.5 2.0475 
Torque : 
 1.58365     -3.5   1.3352 0.226923     -3.5 -2.58679 -1.88886     -3.5      3.5      3.5
Obs : 
-3.01404 -6.88801 2.47004 0.134588 -0.988006 0.0757008 0 0 0 -1.4739 2.00122 -1.93068 2.18235 4.20064 -0.558901 -1.27892 -0.117834 2.89158 -10 -0.809566 1.06652 -0.957077 0.379174 2.22723 -0.792886 -0.343711 -0.612582 2.82615 -6.19237 1.58365 -3.5 1.3352 0.226923 -3.5 -2.58679 -1.88886 -3.5 3.5 3.5 
Torque : 
 0.520102      -3.5  -2.23761       3.5      -3.5 -0.800117       3.5      -3.5       3.5       3.5
Obs : 
-3.37153 -5.21239 0.0364355 0.057659 -0.995524 -0.0748802 0 0 0 -1.32314 1.99722 -1.77309 1.9605 -2.92337 -0.843031 -1.16242 -0.954381 3.25407 -5.21823 -0.509799 0.804822 -0.692196 -0.0741137 -5.21454 -0.647111 0.0870447 -1.01073 2.478 -0.194516 0.520102 -3.5 -2.23761 3.5 -3.5 -0.800117 3.5 -3.5 3.5 3.5 
Torque : 
-0.406685      -3.5  -2.51627       3.5      -3.5   1.27776       3.5      -3.5       3.5      -3.5
Obs : 
-3.05295 -5.29997 -0.612957 0.0488848 -0.976206 -0.211262 0 0 0 -1.0939 1.79391 -1.60674 1.79382 -8.04553 -0.549076 -0.626039 -1.2494 3.36569 -0.975592 -0.245178 0.430686 -0.4714 -0.320264 -6.33966 -0.234955 0.640082 -0.964665 2.09203 1.28772 -0.406685 -3.5 -2.51627 3.5 -3.5 1.27776 3.5 -3.5 3.5 -3.5 
Torque : 
-0.22921     -3.5     -3.5      3.5      3.5  1.83254      3.5 -3.04331      3.5     -3.5
Obs : 
-2.83138 -7.16724 -0.365774 0.0035189 -0.941817 -0.336108 0 0 0 -0.884698 1.42477 -1.51628 1.54603 -5.73881 -0.185796 0.30534 -1.4303 3.35353 -2.23607 -0.0354507 0.034856 -0.347367 -0.637863 0.538614 0.0649998 1.47618 -0.964428 1.71145 -0.360457 -0.22921 -3.5 -3.5 3.5 3.5 1.83254 3.5 -3.04331 3.5 -3.5 
Torque : 
-0.35566 -2.95256 -2.77364      3.5      3.5  1.24636     -3.5     -3.5  1.92328     -3.5
Obs : 
0.681896 -9.16111 -1.66666 -0.0944375 -0.926313 -0.364726 0 0 0 -0.665514 0.963734 -1.3093 1.32259 5.31748 0.130678 1.15484 -1.53238 3.27959 -3.39012 0.160326 -0.327945 -0.192647 -0.430038 8.74596 0.330446 1.58785 -0.834757 1.34018 -0.849831 -0.35566 -2.95256 -2.77364 3.5 3.5 1.24636 -3.5 -3.5 1.92328 -3.5 
Torque : 
-1.10842      3.5 -1.98843 -1.06598     -3.5 0.464545     -3.5 -1.60364 -3.21691  1.20207
Obs : 
2.04607 -9.01323 -0.55124 -0.172921 -0.95195 -0.252765 0 0 0 -0.456181 0.630566 -0.943728 1.05066 9.94219 0.480749 1.2956 -1.53819 3.06965 -2.65239 0.2432 -0.443938 0.221696 -0.543049 7.19633 0.54724 1.14313 -0.637394 0.863686 1.07324 -1.10842 3.5 -1.98843 -1.06598 -3.5 0.464545 -3.5 -1.60364 -3.21691 1.20207 
Torque : 
 0.125616       3.5      -3.5      -3.5      -3.5 -0.265739 -0.817612 -0.356333      -3.5       3.5
Obs : 
4.26603 -10 0.901125 -0.245366 -0.967981 -0.0529906 0 0 0 -0.416619 0.441931 -0.369494 0.744291 5.26775 0.677714 0.856802 -1.24631 2.71938 0.63838 0.147046 -0.540141 0.863499 -1.0836 -0.91405 0.557463 0.447255 -0.174089 0.357361 3.29506 0.125616 3.5 -3.5 -3.5 -3.5 -0.265739 -0.817612 -0.356333 -3.5 3.5 
Torque : 
 0.471536       3.5      -3.5      -3.5      -3.5 0.0426937  -3.02436  -1.12552      -3.5      -3.5
Obs : 
4.41003 -9.44558 2.19626 -0.276329 -0.924514 0.262518 0 0 0 -0.448987 0.203513 0.325723 -0.0866864 -6.06241 0.745216 0.438253 -0.647466 2.4281 -0.740552 0.201711 -0.596766 1.24461 -1.43902 -7.55683 0.479267 0.246605 0.37381 0.0830011 -1.9072 0.471536 3.5 -3.5 -3.5 -3.5 0.0426937 -3.02436 -1.12552 -3.5 -3.5 
Torque : 
-0.827126       3.5      -3.5  -3.48546       3.5   2.22828  -0.75334      -3.5  -3.10772  -0.97389
Obs : 
3.80305 -6.53028 2.69851 -0.24726 -0.829443 0.500887 0 0 0 -0.158895 0.183249 0.891858 -1.33385 -8.88937 0.733881 0.386898 -0.202462 2.00675 -4.99645 0.484852 -0.407406 1.2252 -1.79369 -4.98463 0.371091 0.180992 0.611202 -0.194764 -3.34988 -0.827126 3.5 -3.5 -3.48546 3.5 2.22828 -0.75334 -3.5 -3.10772 -0.97389 
Torque : 
 -1.5174  2.33159 -3.31215 -2.23595  2.66036  3.03637      3.5     -3.5  2.26284  1.69726
Obs : 
3.60578 -4.62604 2.64691 -0.195856 -0.709348 0.677101 0 0 0 0.189043 0.315936 0.828272 -1.65714 -3.30703 0.684862 0.360125 0.131447 1.5745 -4.66356 0.685954 -0.237751 0.677141 -1.2585 2.5364 0.266138 0.13887 0.745113 -0.572946 -0.6959 -1.5174 2.33159 -3.31215 -2.23595 2.66036 3.03637 3.5 -3.5 2.26284 1.69726 
Torque : 
 -1.23825   3.39265 -0.308069      -3.5  -1.34873   2.26934   1.02468      -3.5   1.82945       3.5
Obs : 
2.26143 -4.05044 2.52546 -0.138549 -0.590817 0.79482 0 0 0 0.590244 0.364573 0.246571 -1.04906 3.66989 0.630533 0.361964 0.393685 1.0575 2.54714 0.978764 -0.230871 -0.0825398 -0.119827 5.56894 0.177821 0.143012 0.927424 -1.06957 8.17959 -1.23825 3.39265 -0.308069 -3.5 -1.34873 2.26934 1.02468 -3.5 1.82945 3.5 
Torque : 
0.0152775       3.5 -0.320563      -3.5      -3.5  0.787428  -2.59201      -3.5   -2.0937      -3.5
Obs : 
0.217854 -4.74696 1.57472 -0.0287348 -0.550867 0.834098 0 0 0 1.10417 0.207734 -0.531304 -0.075453 3.57219 0.576703 0.436633 0.629371 0.554108 8.17194 1.08762 -0.353486 -0.53575 0.358697 1.20355 0.107402 0.189698 0.999137 -1.35846 7.40039 0.0152775 3.5 -0.320563 -3.5 -3.5 0.787428 -2.59201 -3.5 -2.0937 -3.5 
Torque : 
  0.95455       3.5  -1.84873      -3.5      -3.5 -0.116334      -3.5      -3.5      -3.5      -3.5
Obs : 
-0.172714 -3.33434 1.46625 0.0748743 -0.550903 0.831204 0 0 0 1.2036 0.0651736 -0.926354 0.374696 -4.1839 0.519419 0.488721 0.916996 -0.0415268 4.24329 0.89827 -0.4006 -0.766339 0.707559 -5.09097 0.0373301 0.172788 1.16145 -2.17534 -0.10398 0.95455 3.5 -1.84873 -3.5 -3.5 -0.116334 -3.5 -3.5 -3.5 -3.5 
Torque : 
0.182321  2.02394  1.92785 -1.14201      3.5 0.743777     -3.5     -3.5     -3.5     -3.5
Obs : 
0.0630168 -0.967116 0.881012 0.127686 -0.556187 0.821189 0 0 0 1.07315 -0.00395741 -1.06372 0.403281 -6.40103 0.374521 0.375876 1.1356 -0.615045 -6.1093 0.616564 -0.384821 -0.677588 0.320458 -2.14084 -0.179119 -0.0746294 0.962249 -1.71784 -6.04967 0.182321 2.02394 1.92785 -1.14201 3.5 0.743777 -3.5 -3.5 -3.5 -3.5 
Torque : 
-1.34195 -1.79911      3.5      3.5     -3.5   1.7258  1.90526 -2.73599      3.5 0.794447
Obs : 
-0.419992 -0.835151 0.352493 0.145166 -0.571016 0.808002 0 0 0 0.853689 0.0382055 -1.04473 -0.0240688 -4.20311 0.0814567 0.0968074 0.906391 -0.373259 -9.87142 0.309849 -0.218317 -0.52612 -0.0326102 -0.664192 -0.356678 -0.238193 0.485552 -0.94611 -6.01643 -1.34195 -1.79911 3.5 3.5 -3.5 1.7258 1.90526 -2.73599 3.5 0.794447 
Torque : 
-1.27324     -3.5      3.5      3.5     -3.5  2.02387      3.5 -2.13986      3.5  1.90112
Obs : 
1.15498 0.625761 -1.27281 0.157511 -0.557405 0.815163 0 0 0 0.656455 0.0858532 -1.04544 -0.258816 -3.30839 -0.136917 -0.0707497 0.384205 0.41971 -9.05422 0.160091 -0.24177 -0.492914 -0.0940545 -0.126835 -0.438589 -0.289583 -0.0672727 -0.0678616 -2.78442 -1.27324 -3.5 3.5 3.5 -3.5 2.02387 3.5 -2.13986 3.5 1.90112 
Torque : 
-0.974492  -1.55261       3.5       3.5      -3.5    1.5966       3.5  0.929532       3.5     1.682
Obs : 
2.03896 -0.480092 -1.83014 0.185727 -0.488927 0.852324 0 0 0 0.562463 -0.0196661 -1.16518 -0.173539 -2.99435 -0.255207 -0.114233 -0.187849 1.09746 -3.5522 0.0772135 -0.303958 -0.530528 0.108869 0.0225701 -0.428417 -0.233125 -0.37661 0.321535 3.70511 -0.974492 -1.55261 3.5 3.5 -3.5 1.5966 3.5 0.929532 3.5 1.682 
Torque : 
 -0.547475        3.5   0.921561        3.5       -3.5    1.53904        3.5     2.8665        3.5 -0.0253062
Obs : 
1.17451 -2.31748 -1.88094 0.268237 -0.412183 0.87072 0 0 0 0.355078 0.248575 -1.28515 0.209231 -2.9264 -0.279253 -0.0163538 -0.625419 1.60965 4.06996 -0.188709 0.214507 -0.472321 0.495969 0.0211145 -0.33235 -0.0566193 -0.586719 0.794333 7.58393 -0.547475 3.5 0.921561 3.5 -3.5 1.53904 3.5 2.8665 3.5 -0.0253062 
Torque : 
  1.61586       3.5      -3.5 -0.721902       3.5 -0.543492   3.24166  -1.05184      -3.5      -3.5
Obs : 
-0.203747 -1.90006 -2.6072 0.378219 -0.365536 0.85049 0 0 0 0.0780527 0.76574 -1.26234 0.648312 1.0661 -0.204394 0.243434 -0.960399 1.93123 5.14142 -0.311915 0.502826 -0.329055 0.31427 7.42759 -0.184806 0.245631 -0.714986 0.762522 3.94661 1.61586 3.5 -3.5 -0.721902 3.5 -0.543492 3.24166 -1.05184 -3.5 -3.5 
Torque : 
 2.00426 0.940407 -1.51267 -1.95622      3.5 -1.37221  1.49158 -1.88725     -3.5     -3.5
Obs : 
-0.738794 -1.52802 -3.35983 0.483757 -0.328189 0.811339 0 0 0 -0.142429 1.17334 -1.07824 0.837917 7.579 0.0128555 0.611218 -1.26255 1.90721 -2.73771 -0.399807 0.693267 -0.0767839 0.209943 8.96918 0.0912284 0.478317 -0.921853 0.21555 -4.85448 2.00426 0.940407 -1.51267 -1.95622 3.5 -1.37221 1.49158 -1.88725 -3.5 -3.5 
Torque : 
-0.0997271   0.426996   0.534012  -0.672236       -3.5   -1.51172    1.40097    1.27637       -3.5    2.98381
Obs : 
-0.830833 -2.68906 -3.79918 0.599909 -0.279364 0.74971 0 0 0 -0.44213 1.45096 -0.615201 0.894395 5.87556 0.377621 0.79269 -1.52991 1.66371 -7.6631 -0.674589 0.739802 0.552109 0.121959 2.44125 0.332048 0.467295 -0.872234 -0.242853 -4.46805 -0.0997271 0.426996 0.534012 -0.672236 -3.5 -1.51172 1.40097 1.27637 -3.5 2.98381 
Torque : 
 -1.10364  -2.62808  0.662242       3.5      -3.5 -0.931477       3.5   1.87668   3.39303       3.5
Obs : 
1.48215 -4.49135 -4.99549 0.747571 -0.140146 0.649228 0 0 0 -0.687132 1.52774 -0.15598 0.852049 -4.48414 0.610297 0.82509 -1.45604 1.03432 -3.03973 -0.644624 0.592511 0.526862 0.526729 -6.07235 0.375409 0.387338 -0.429167 -0.649092 3.31557 -1.10364 -2.62808 0.662242 3.5 -3.5 -0.931477 3.5 1.87668 3.39303 3.5 
Torque : 
-1.94582 -1.41096 -2.43876      3.5 -2.02292 -1.07948      3.5      3.5  2.63687     -3.5
Obs : 
3.69734 -6.6395 -4.41182 0.887806 0.0884566 0.451637 0 0 0 -0.694321 1.40461 -0.093419 1.07474 -10 0.638911 0.80422 -0.996703 0.370341 2.03267 -0.464738 0.330215 0.289706 0.732921 -7.03452 0.280975 0.297566 0.128008 -1.08261 2.86756 -1.94582 -1.41096 -2.43876 3.5 -2.02292 -1.07948 3.5 3.5 2.63687 -3.5 
Torque : 
 -1.43456   -1.8019      -3.5       3.5       3.5  -1.17281       3.5       3.5 -0.938048      -3.5
Obs : 
6.20465 -8.09739 -4.10496 0.944721 0.307274 0.11439 0 0 0 -0.474961 1.08339 -0.435267 1.52232 -8.84404 0.532625 0.768889 -0.193366 -0.487138 -2.51309 -0.132601 -0.0772608 -0.10467 1.15824 -3.54022 0.082409 0.21942 0.963937 -2.14147 -2.23514 -1.43456 -1.8019 -3.5 3.5 3.5 -1.17281 3.5 3.5 -0.938048 -3.5 
Torque : 
  -2.9834 -0.998606      -3.5       3.5   1.89754  0.416144       3.5    3.3037  0.252422      -3.5
Obs : 
6.34673 -7.99743 -4.69405 0.849441 0.449396 -0.276573 0 0 0 -0.0894254 0.52703 -0.853072 2.26716 -5.91833 0.296127 0.719457 0.73165 -1.28331 -5.90426 0.287538 -0.675922 -0.43211 1.51755 0.572012 -0.190872 0.140852 1.52506 -2.11445 -3.55565 -2.9834 -0.998606 -3.5 3.5 1.89754 0.416144 3.5 3.3037 0.252422 -3.5 
Torque : 
 -3.45685 -0.652192      -3.5       3.5  -2.72821   1.95845       3.5  0.387267   1.90715       3.5
Obs : 
3.65789 -6.10429 -3.24783 0.613199 0.499571 -0.611895 0 0 0 0.646275 -0.763958 -1.0831 3.12862 -2.83876 -0.000981657 0.677381 1.51903 -1.47584 -6.38788 0.720564 -1.41957 -0.294797 1.82411 1.85933 -0.345882 0.0861528 1.73218 -1.78553 -1.60634 -3.45685 -0.652192 -3.5 3.5 -2.72821 1.95845 3.5 0.387267 1.90715 3.5 
Torque : 
 -2.50122   2.48309  -3.04518       3.5      -3.5   2.18419      -3.5 -0.562382   1.34689       3.5
Obs : 
1.90195 -4.63745 -1.83902 0.403798 0.480716 -0.77837 0 0 0 0.852649 -1.33473 -1.26694 3.47663 -1.84096 -0.233118 0.557171 1.97156 -1.37988 -3.77167 0.400511 -1.37903 -0.722535 1.63788 1.99246 -0.462315 -0.165888 1.60825 -1.17825 3.30292 -2.50122 2.48309 -3.04518 3.5 -3.5 2.18419 -3.5 -0.562382 1.34689 3.5 
Torque : 
 -2.05276       3.5 -0.294173      -3.5 -0.956642    1.7176      -3.5  -1.22682  -1.76405       3.5
Obs : 
-0.0444858 -2.94159 -0.484315 0.261345 0.457077 -0.850165 0 0 0 0.525827 -1.25651 -1.76066 3.48123 -1.51506 -0.389487 -0.413722 1.677 -0.289476 5.41973 0.163118 -0.87255 -0.811217 1.25948 1.80565 -0.461561 -1.2869 0.717949 0.405277 8.96792 -2.05276 3.5 -0.294173 -3.5 -0.956642 1.7176 -3.5 -1.22682 -1.76405 3.5 
Torque : 
-1.25437      3.5  1.31755     -3.5 0.478639  1.44671     -3.5 -1.39906 -3.35851 -3.36596
Obs : 
-0.0903079 -1.72705 -2.50449 0.144604 0.481054 -0.864683 0 0 0 0.538913 -0.591926 -1.79601 3.22589 -1.13332 -0.593085 -1.27944 0.863137 0.898409 8.06636 0.24184 0.161667 -0.531754 0.748662 1.91823 -0.704442 -1.42519 -0.167628 1.30989 5.51721 -1.25437 3.5 1.31755 -3.5 0.478639 1.44671 -3.5 -1.39906 -3.35851 -3.36596 
Torque : 
 0.551428  0.691203 -0.653266      -3.5   1.32955  0.164699      -3.5  -3.21091      -3.5      -3.5
Obs : 
-0.446673 -2.33236 -1.74409 0.0289331 0.492501 -0.869831 0 0 0 0.581128 0.652742 -1.62856 2.91304 -0.568422 -1.27796 -1.52778 -0.345491 1.98364 0.682009 0.20726 1.06132 -0.319147 0.452087 2.0057 -1.26982 -1.25557 -1.29623 2.1839 -5.17451 0.551428 0.691203 -0.653266 -3.5 1.32955 0.164699 -3.5 -3.21091 -3.5 -3.5 
Torque : 
 -1.13125  -3.32465  -1.36411  -1.01326 -0.409907  0.728666  0.355903  -2.17822      -3.5  -1.54279
Obs : 
0.85647 -0.738772 -4.72557 -0.0833783 0.48842 -0.868616 0 0 0 0.60897 1.36894 -1.51821 2.78236 -0.360014 -1.84387 -1.4552 -1.54636 2.64085 -7.63093 0.223744 1.19038 -0.203584 0.314294 1.56745 -1.2599 -0.847251 -1.8657 2.12718 -8.15351 -1.13125 -3.32465 -1.36411 -1.01326 -0.409907 0.728666 0.355903 -2.17822 -3.5 -1.54279 
Torque : 
-2.48303     -3.5 -1.45545      3.5     -3.5  1.92484      3.5  2.23642      3.5  1.50944
Obs : 
3.12417 0.645063 -4.34529 -0.169196 0.374856 -0.911513 0 0 0 0.618839 1.32697 -1.46753 2.7471 -2.93345 -1.69082 -1.13 -2.09079 2.96624 -9.68003 0.144035 0.721742 -0.143851 0.258063 -0.57449 -0.757882 -0.524028 -1.75253 1.96395 -6.93017 -2.48303 -3.5 -1.45545 3.5 -3.5 1.92484 3.5 2.23642 3.5 1.50944 
Torque : 
 -1.68738  -1.37311 -0.135174       3.5      -3.5     1.952       3.5       3.5       3.5   1.00469
Obs : 
2.31522 1.59005 -5.02263 -0.181629 0.232118 -0.955579 0 0 0 0.592663 1.01233 -1.43904 2.76681 -4.3236 -1.18704 -0.899522 -2.16589 3.11971 -8.75286 0.124553 0.359711 -0.105913 0.236396 -1.05917 -0.149487 -0.213612 -1.42892 1.71029 -4.33511 -1.68738 -1.37311 -0.135174 3.5 -3.5 1.952 3.5 3.5 3.5 1.00469 
Torque : 
 -1.42345 -0.354855   1.44138       3.5      -3.5   1.32702       3.5       3.5       3.5  -1.25134
Obs : 
0.517002 1.10405 -4.89468 -0.154796 0.136205 -0.978512 0 0 0 0.597004 0.798527 -1.39207 2.78312 -4.63831 -0.545115 -0.442015 -2.06853 3.17577 -7.00862 0.0973156 0.226151 -0.0159829 0.203403 -0.909533 0.368857 0.334288 -1.0892 1.44846 -2.3615 -1.42345 -0.354855 1.44138 3.5 -3.5 1.32702 3.5 3.5 3.5 -1.25134 
Torque : 
-1.50559 0.121585  2.39272      3.5     -3.5    1.022      3.5      3.5      3.5 -3.02932
Obs : 
-1.60636 -1.32778 -3.92704 -0.18641 0.134781 -0.973183 0 0 0 0.53957 0.906641 -1.17812 2.77805 -4.52346 -0.0628334 0.434288 -1.9247 3.18742 -5.6799 -0.00668834 0.373489 0.246662 0.148955 -0.617773 0.536744 1.12475 -0.760294 1.21298 -1.08226 -1.50559 0.121585 2.39272 3.5 -3.5 1.022 3.5 3.5 3.5 -3.02932 
Torque : 
 -2.24901   1.28811   1.33084       3.5  -2.76302   1.15832 -0.455033   2.68902       3.5  -1.77524
Obs : 
0.217383 0.0210148 -3.62843 -0.24824 0.130323 -0.959892 0 0 0 0.449734 1.0189 -0.883436 2.71478 -4.40051 -0.211734 1.16517 -1.29989 3.16244 -4.70082 -0.0497549 0.311129 0.387113 0.0743862 -0.44466 0.00422046 1.206 0.260831 0.966871 -0.222302 -2.24901 1.28811 1.33084 3.5 -2.76302 1.15832 -0.455033 2.68902 3.5 -1.77524 
Torque : 
 -2.77762   1.57974   1.86503       3.5 -0.678685   1.68263      -3.5   1.53875       3.5   -1.1178
Obs : 
-0.410396 -2.54874 -3.18275 -0.302253 0.0910545 -0.948869 0 0 0 0.445134 1.02025 -0.713277 2.65448 -4.29083 -0.746649 1.14502 -0.121364 3.10915 -3.96144 -0.0103316 0.288075 0.443331 0.0136034 -0.270387 -0.361414 0.857472 1.14681 0.774122 0.375057 -2.77762 1.57974 1.86503 3.5 -0.678685 1.68263 -3.5 1.53875 3.5 -1.1178 
Torque : 
 -3.19781  0.909757   1.31642       3.5 0.0850025   2.19413      -3.5  -2.14132       3.5   1.06198
Obs : 
0.59292 -3.22538 -3.77655 -0.432993 0.0460957 -0.900218 0 0 0 0.489981 1.0651 -0.539574 2.55972 -4.06695 -0.848288 0.884483 0.69664 3.08434 -2.01816 -0.0152189 0.257716 0.582004 -0.113774 0.0585133 -0.138756 0.48776 1.40733 0.631781 2.81985 -3.19781 0.909757 1.31642 3.5 0.0850025 2.19413 -3.5 -2.14132 3.5 1.06198 
Torque : 
 -3.20104   1.80659  0.337945   2.40002       3.5   2.04541      -3.5      -3.5 -0.443899  0.207006
Obs : 
2.93885 -1.07918 -4.72412 -0.504398 -0.120369 -0.855041 0 0 0 0.415094 1.01159 -0.177863 2.30691 -1.25372 -0.462445 0.612853 1.09953 2.89915 1.36277 -0.131162 0.114659 0.792892 -0.306307 5.36378 0.269253 0.180206 1.40184 0.287106 5.31479 -3.20104 1.80659 0.337945 2.40002 3.5 2.04541 -3.5 -3.5 -0.443899 0.207006 
Torque : 
  -2.38654        3.5 -0.0925859    2.74321        3.5    1.25049       -3.5       -3.5       -3.5       -3.5
Obs : 
4.96499 0.925148 -5.5045 -0.455609 -0.367842 -0.810625 0 0 0 0.278211 0.806348 0.178882 1.90654 6.81394 0.00498613 0.255373 1.47108 2.73384 0.657 -0.180818 -0.131481 0.862733 -0.640715 8.62996 0.544512 -0.292093 1.49873 0.23477 0.295857 -2.38654 3.5 -0.0925859 2.74321 3.5 1.25049 -3.5 -3.5 -3.5 -3.5 
Torque : 
  -1.3271       3.5       3.5   2.64247 -0.697601  0.382877  -2.39322      -3.5      -3.5      -3.5
Obs : 
5.42872 1.35067 -5.67981 -0.288037 -0.626768 -0.724014 0 0 0 0.186067 0.479619 0.483425 1.55656 9.26338 0.282438 -0.996872 1.48377 2.79245 -5.1789 -0.226704 -0.397513 0.931955 -0.752768 7.63738 0.54044 -1.57151 0.877031 0.514637 -2.70929 -1.3271 3.5 3.5 2.64247 -0.697601 0.382877 -2.39322 -3.5 -3.5 -3.5 
Torque : 
   1.62437        3.5    1.97475 -0.0931614       -3.5   -2.00749        3.5       -3.5       -3.5        3.5
Obs : 
2.07371 -1.9626 -4.56627 -0.138258 -0.784792 -0.604141 0 0 0 0.158608 0.238408 0.7425 1.35895 5.12099 0.00317749 -1.93146 0.309363 2.85113 -3.06079 -0.18228 -0.390308 1.08822 -0.95803 -0.381781 -0.101934 -1.66005 -0.660885 0.357845 2.89758 1.62437 3.5 1.97475 -0.0931614 -3.5 -2.00749 3.5 -3.5 -3.5 3.5 
Torque : 
 0.810963       3.5      -3.5   1.64616      -3.5 -0.678792       3.5  0.548049  -3.21462       3.5
Obs : 
-6.09062 -0.694068 -2.79335 -0.0721709 -0.719546 -0.690685 0 0 0 0.204469 0.570628 0.836341 1.2523 -5.77539 -0.694173 -2.05219 -1.29071 2.6504 3.88083 -0.0633233 0.181834 0.862957 -0.495132 -7.60954 -0.497261 -1.26789 -1.64251 0.118752 6.92657 0.810963 3.5 -3.5 1.64616 -3.5 -0.678792 3.5 0.548049 -3.21462 3.5 
Torque : 
  1.00185      -3.5      -3.5  0.988874       3.5 -0.904907   1.57823    0.7254  -2.15449      -3.5
Obs : 
-3.71939 1.14694 -4.2904 0.033723 -0.571481 -0.819922 0 0 0 0.461154 1.12294 0.551439 1.27861 -9.35221 -0.958072 -1.82619 -2.16455 2.26744 5.36367 0.299916 0.471168 0.298069 -0.265558 -5.68508 -0.483538 -0.849138 -1.71593 -0.238872 3.82179 1.00185 -3.5 -3.5 0.988874 3.5 -0.904907 1.57823 0.7254 -2.15449 -3.5 
Torque : 
0.791806     -3.5     -3.5      3.5      3.5 -1.33273      3.5 0.330644     -3.5     -3.5
Obs : 
-2.93976 2.59911 -5.96838 0.210895 -0.433045 -0.876353 0 0 0 1.21304 1.33661 -0.418626 1.55368 -3.39965 -0.869221 -1.48066 -2.30538 1.82879 -2.08552 1.04077 0.412983 -0.681136 -0.01764 3.48998 -0.234203 -0.298718 -1.36983 -0.874189 -5.42557 0.791806 -3.5 -3.5 3.5 3.5 -1.33273 3.5 0.330644 -3.5 -3.5 
Torque : 
-0.797606      -3.5  0.772332       3.5   3.37385  -0.41346  0.101832   1.80399  -2.17592      -3.5
Obs : 
-4.86804 3.42684 -2.97585 0.400502 -0.216393 -0.890378 0 0 0 1.97452 1.17999 -1.51423 1.63066 8.3441 -0.597955 -0.98327 -2.08384 1.35771 -8.40938 1.20207 0.114485 -1.07006 -0.1616 9.0943 -0.0780451 0.191098 -0.952749 -1.32145 -7.05721 -0.797606 -3.5 0.772332 3.5 3.37385 -0.41346 0.101832 1.80399 -2.17592 -3.5 
Torque : 
 -1.17573      -3.5       3.5 -0.843698      -3.5  0.361683      -3.5  0.205733  -2.59966       3.5
Obs : 
-4.07806 4.75137 -2.2735 0.55932 0.00266108 -0.828947 0 0 0 2.12083 0.878663 -1.84864 1.75463 10 -0.509701 -0.574412 -1.80513 0.547047 -7.04028 1.00707 -0.173127 -1.00761 -0.0860978 6.23034 -0.0205075 0.317839 -0.531578 -1.89814 -1.33629 -1.17573 -3.5 3.5 -0.843698 -3.5 0.361683 -3.5 0.205733 -2.59966 3.5 
Torque : 
-0.947657    1.1635   3.49473      -3.5      -3.5  0.753954      -3.5   2.34404      -3.5       3.5
Obs : 
-1.7574 3.3622 -0.524829 0.684472 0.13394 -0.71663 0 0 0 2.00869 0.757096 -1.817 1.80553 4.32279 -0.284223 -1.13932 -0.984516 -0.93361 3.69575 0.691046 -0.118467 -0.657125 -0.355469 -3.64333 0.328377 -0.1898 0.134884 -1.71032 8.41771 -0.947657 1.1635 3.49473 -3.5 -3.5 0.753954 -3.5 2.34404 -3.5 3.5 
Torque : 
-0.39634 -2.13784  2.59039     -3.5     -3.5 0.622852 -3.36941 0.354631     -3.5     -3.5
Obs : 
0.881685 7.72021 0.14554 0.826352 0.138709 -0.545804 0 0 0 1.60228 0.810248 -1.30196 1.8478 -7.42688 -0.033371 -1.53949 -0.670883 -0.857584 9.51413 0.174811 -0.182929 0.0785003 -0.44603 -9.6942 0.549508 -0.531556 0.456033 -1.20511 8.05512 -0.39634 -2.13784 2.59039 -3.5 -3.5 0.622852 -3.36941 0.354631 -3.5 -3.5 
Torque : 
  0.395503   0.841359        3.5   -1.28285        3.5 -0.0897639   -1.72407        3.5       -3.5       -3.5
Obs : 
1.40631 7.70275 2.24636 0.969173 0.0811433 -0.232634 0 0 0 0.921498 0.678321 -0.598627 1.49499 -10 0.420569 -1.86326 -0.0172311 -0.562212 5.73296 -0.497055 -0.253767 0.607672 -0.782019 -7.17113 0.845558 -0.578287 0.938149 -0.615107 0.0830758 0.395503 0.841359 3.5 -1.28285 3.5 -0.0897639 -1.72407 3.5 -3.5 -3.5 
Torque : 
 1.91992 -1.40945   2.2382      3.5  1.79952 -1.70643      3.5      3.5      3.5     -3.5
Obs : 
-0.813168 3.74958 3.24564 0.999295 -0.0370865 -0.00586942 0 0 0 0.056379 0.590059 0.0308726 1.03794 -7.42674 0.601264 -1.88538 0.122961 0.383597 -5.52303 -1.10569 -0.261642 0.916938 -0.910105 -1.56913 0.664242 -0.376581 0.686532 0.558164 -7.08999 1.91992 -1.40945 2.2382 3.5 1.79952 -1.70643 3.5 3.5 3.5 -3.5 
Torque : 
 1.78208     -3.5 0.750634      3.5     -3.5 -1.39147      3.5      3.5      3.5     -3.5
Obs : 
-1.48216 1.67083 1.43272 0.983852 -0.151674 0.0950276 0 0 0 -0.667059 0.464491 0.536021 0.574383 -3.52578 0.559493 -1.63663 0.144765 1.07495 -10 -1.31526 -0.346884 1.06919 -0.925783 0.558282 0.527147 -0.0338405 0.562144 1.01417 -7.59068 1.78208 -3.5 0.750634 3.5 -3.5 -1.39147 3.5 3.5 3.5 -3.5 
Torque : 
  2.25504      -3.5 -0.142722       3.5      -3.5  -2.20832       3.5       3.5       3.5  0.401031
Obs : 
-1.10404 -0.980571 0.208248 0.977797 -0.183859 0.100547 0 0 0 -0.93097 0.294979 0.705579 0.705846 -2.15176 0.521195 -1.18196 0.169116 1.6574 -10 -1.17863 -0.437696 0.917214 -0.499784 1.02712 0.380753 0.399246 0.5039 1.25723 -5.59198 2.25504 -3.5 -0.142722 3.5 -3.5 -2.20832 3.5 3.5 3.5 0.401031 
Torque : 
 2.16663     -3.5 -1.20908      3.5     -3.5 -2.44042      3.5  1.56302      3.5  2.37536
Obs : 
0.183583 -3.20427 0.737602 0.979895 -0.1994 0.00668692 0 0 0 -0.938279 0.0611024 0.667658 1.1654 -1.8477 0.215821 -0.6034 0.134895 2.32549 -7.09711 -0.935818 -0.59474 0.708776 0.00578357 0.885208 -0.181757 0.817033 0.263216 1.60344 0.506834 2.16663 -3.5 -1.20908 3.5 -3.5 -2.44042 3.5 1.56302 3.5 2.37536 
Torque : 
  1.7532 -2.52423 -1.12345      3.5     -3.5 -1.92227      3.5 -2.35408      3.5  2.81663
Obs : 
-0.649961 -3.60545 1.88143 0.957824 -0.251034 -0.13984 0 0 0 -0.79524 -0.268555 0.633857 1.71416 -1.94786 -0.769913 -0.14052 0.0781203 2.90175 3.06603 -0.546558 -0.720854 0.648292 0.475128 0.58396 -0.73233 0.785518 0.558907 1.56663 10 1.7532 -2.52423 -1.12345 3.5 -3.5 -1.92227 3.5 -2.35408 3.5 2.81663 
Torque : 
-0.21338      3.5 -0.55547 -2.34486      3.5 0.903821     -3.5 0.434162 -1.58402     -3.5
Obs : 
1.77252 -5.98663 1.82381 0.881941 -0.343889 -0.322366 0 0 0 -0.282148 -0.505078 0.860351 2.14341 2.49984 -1.2717 -0.346913 0.664092 2.67639 10 0.10666 -0.686861 0.935947 0.652698 7.08611 -1.0451 0.248301 0.824813 1.20829 10 -0.21338 3.5 -0.55547 -2.34486 3.5 0.903821 -3.5 0.434162 -1.58402 -3.5 
Torque : 
-0.932799       3.5  -1.22797      -3.5   3.29861   1.25232      -3.5 -0.562308      -3.5      -3.5
Obs : 
2.59336 -6.16314 -3.53122 0.779533 -0.384441 -0.494503 0 0 0 0.572168 -0.363901 1.36034 2.53824 7.37954 -1.83882 -1.06496 0.641514 2.46371 8.09573 0.829208 -0.207967 1.13369 0.729656 7.89631 -1.18408 -0.358759 0.443906 0.915355 4.31072 -0.932799 3.5 -1.22797 -3.5 3.29861 1.25232 -3.5 -0.562308 -3.5 -3.5 
Torque : 
-0.532796       3.5      -3.5      -3.5      -3.5   1.40078      -3.5  0.406196      -3.5      -3.5
Obs : 
2.21751 -3.89107 -10 0.740277 -0.204004 -0.640604 0 0 0 1.42744 0.501058 1.55501 2.95384 4.98059 -1.96958 -1.65224 0.508753 2.49335 0.285786 1.26707 0.552382 0.873332 0.841292 1.60225 -0.952272 -0.6169 0.397852 1.03834 -3.24671 -0.532796 3.5 -3.5 -3.5 -3.5 1.40078 -3.5 0.406196 -3.5 -3.5 
Torque : 
 -3.00453       3.5      -3.5       3.5  -2.91827   2.63661      -3.5       3.5      -3.5 -0.601988
Obs : 
0.745022 -0.55722 -5.98019 0.718449 0.0409155 -0.694375 0 0 0 2.01325 1.01917 1.44087 2.9103 -4.29014 -1.82602 -1.89373 0.7531 2.71724 -4.75058 1.31096 0.554596 0.764494 0.407588 -5.13394 -0.672353 -0.605622 0.713988 1.03121 -4.82224 -3.00453 3.5 -3.5 3.5 -2.91827 2.63661 -3.5 3.5 -3.5 -0.601988 
Torque : 
-3.08258 -2.55756     -3.5      3.5     -3.5  2.38166  1.50195      3.5      3.5 -1.22817
Obs : 
0.424091 1.59978 -6.14701 0.702845 0.201532 -0.682197 0 0 0 2.09876 0.908941 1.57772 2.29729 -8.81642 -1.579 -1.91449 1.37433 2.84631 -5.97748 1.07973 0.213694 0.766967 -0.260816 -5.96278 -0.33583 -0.424887 1.14074 0.921509 -4.22861 -3.08258 -2.55756 -3.5 3.5 -3.5 2.38166 1.50195 3.5 3.5 -1.22817 
Torque : 
-2.16983     -3.5     -3.5      3.5     -3.5  1.45226  2.66992      3.5      3.5     -3.5
Obs : 
-0.888399 2.58919 -5.22629 0.704721 0.367984 -0.606594 0 0 0 2.0407 0.576715 1.7436 1.75829 -9.54849 -1.40028 -1.54064 2.01159 2.88133 -5.84794 0.824585 -0.0245072 0.74367 -0.596243 -4.81454 -0.287013 0.0711124 1.32609 0.775518 -3.21811 -2.16983 -3.5 -3.5 3.5 -3.5 1.45226 2.66992 3.5 3.5 -3.5 
Torque : 
-2.49155     -3.5 -2.21104      3.5 -3.06748   1.3475 -0.02858      3.5      3.5     -3.5
Obs : 
-0.940486 3.20359 -4.29882 0.680899 0.528289 -0.507235 0 0 0 1.91547 0.432333 1.81767 1.3616 -8.77279 -1.5593 -1.10323 2.25656 2.89056 -5.33791 0.576205 -0.0855657 0.645312 -0.749606 -3.11775 -0.42207 0.349262 1.17847 0.655328 -2.23112 -2.49155 -3.5 -2.21104 3.5 -3.06748 1.3475 -0.02858 3.5 3.5 -3.5 
Torque : 
 -3.36004  -2.74676 0.0593294       3.5 -0.632609   2.05547  -3.40806       3.5       3.5      -3.5
Obs : 
-0.134694 3.39604 -4.83128 0.627633 0.666081 -0.403005 0 0 0 1.79562 0.400508 1.81833 1.1076 -7.39387 -1.70077 -0.938987 2.25873 2.9177 -4.77528 0.398092 -0.0659007 0.515656 -0.789844 -1.40627 -0.406517 0.293721 0.936831 0.573685 -1.43631 -3.36004 -2.74676 0.0593294 3.5 -0.632609 2.05547 -3.40806 3.5 3.5 -3.5 
Torque : 
     -3.5 -0.042749    1.1583       3.5   1.72821   2.35258      -3.5       3.5       3.5      -3.5
Obs : 
-0.23242 2.61042 -4.84739 0.525702 0.784282 -0.329451 0 0 0 1.68292 0.529422 1.76724 0.847507 -3.4514 -1.71988 -1.08901 2.17223 2.95227 -4.3034 0.252619 0.165461 0.392289 -0.784058 3.48253 -0.326854 0.0259627 0.699637 0.504413 -0.869852 -3.5 -0.042749 1.1583 3.5 1.72821 2.35258 -3.5 3.5 3.5 -3.5 
Torque : 
-3.36581  1.54438  1.64547      3.5  3.01017  2.41419     -3.5  2.23791      3.5     -3.5
Obs : 
-0.0378867 1.06562 -4.81793 0.378896 0.878762 -0.290199 0 0 0 1.58919 1.00002 1.60192 0.909627 5.36984 -1.66585 -1.52523 2.05843 2.98683 -3.95643 0.153154 0.632293 0.0717471 -0.352152 8.89867 -0.206578 -0.437105 0.484064 0.45025 -0.494283 -3.36581 1.54438 1.64547 3.5 3.01017 2.41419 -3.5 2.23791 3.5 -3.5 
Torque : 
-2.58308      3.5  1.69491     -3.5     -3.5  2.08342     -3.5 -0.77164     -3.5  3.02046
Obs : 
0.730262 1.42916 -3.98407 0.212727 0.934895 -0.284111 0 0 0 1.58758 1.64083 1.34731 0.987764 7.89139 -1.59639 -1.99885 1.91065 2.97983 -0.307603 0.151013 1.02727 -0.184978 -0.120658 5.48115 -0.14113 -0.571834 0.287036 0.29191 3.78649 -2.58308 3.5 1.69491 -3.5 -3.5 2.08342 -3.5 -0.77164 -3.5 3.02046 
Torque : 
-2.39348      3.5  1.82917     -3.5     -3.5  1.69675     -3.5  -1.9296     -3.5 -2.45466
Obs : 
1.69131 3.61208 -2.52878 0.131 0.936876 -0.324194 0 0 0 1.47629 1.99662 1.24218 1.02763 1.06125 -1.56096 -2.10982 1.80496 2.86262 1.80942 -0.0252038 0.97921 -0.207096 0.254043 -5.02969 -0.119858 -0.492208 0.177122 0.173307 2.53615 -2.39348 3.5 1.82917 -3.5 -3.5 1.69675 -3.5 -1.9296 -3.5 -2.45466 
Torque : 
 -2.59991   1.92054       3.5  -2.56715   1.17574   1.40162 -0.912169  -2.31288      -3.5      -3.5
Obs : 
2.03864 6.15763 -0.543407 0.14442 0.923203 -0.356144 0 0 0 1.02977 2.02182 1.59131 0.720676 -6.96061 -1.59028 -2.01428 1.7543 2.80912 -1.73198 -0.504883 0.774036 0.32457 -0.305535 -7.4552 -0.104451 -0.306427 0.116182 0.0973246 -0.253747 -2.59991 1.92054 3.5 -2.56715 1.17574 1.40162 -0.912169 -2.31288 -3.5 -3.5 
Torque : 
-1.35894     -3.5      3.5      3.5  3.10534 -1.31902      3.5 -1.84712      3.5     -3.5
Obs : 
2.29051 3.47674 -0.743228 0.208246 0.883838 -0.418883 0 0 0 0.463641 1.94539 2.09841 0.159363 -6.4484 -1.60409 -1.80256 1.70545 2.77416 -3.56534 -0.811527 0.584673 0.492866 -0.458224 -2.34673 -0.104991 -0.052996 0.0389654 0.0705865 -1.0496 -1.35894 -3.5 3.5 3.5 3.10534 -1.31902 3.5 -1.84712 3.5 -3.5 
Torque : 
-1.07755     -3.5      3.5      3.5      3.5 -1.66968      3.5 -2.16771      3.5     -3.5
Obs : 
1.964 0.582025 -0.320163 0.219909 0.853021 -0.473282 0 0 0 0.0901223 1.84544 2.20996 0.0376183 3.2067 -1.62886 -1.53666 1.6102 2.77119 -4.13026 -0.823962 0.390435 0.340061 -0.194266 7.82407 -0.109159 0.153356 -0.0513331 0.0616021 -1.05689 -1.07755 -3.5 3.5 3.5 3.5 -1.66968 3.5 -2.16771 3.5 -3.5 
Torque : 
-0.375993  -2.84393       3.5  -1.21681 -0.363719  -1.25518  0.668954      -3.5  -2.29577  -0.11126
Obs : 
1.6148 -0.348557 -0.562402 0.205682 0.821514 -0.531799 0 0 0 -0.121955 1.65444 2.05775 0.225221 10 -1.64733 -1.33306 1.43548 2.74286 -3.98087 -0.795466 0.122885 0.166066 -0.0501368 9.02851 -0.101042 0.243052 -0.228937 0.00290713 -0.562433 -0.375993 -2.84393 3.5 -1.21681 -0.363719 -1.25518 0.668954 -3.5 -2.29577 -0.11126 
Torque : 
-0.161511     3.294  0.988913  -3.19394      -3.5  -1.12274  -1.10115      -3.5      -3.5   1.62161
Obs : 
1.34814 0.334826 -1.68632 0.172307 0.793364 -0.583852 0 0 0 -0.196917 1.40321 1.93575 0.0459442 8.44449 -1.65325 -1.23098 1.10116 2.66451 -1.59014 -0.68455 -0.0668724 0.0253571 -0.138195 2.5156 -0.0884196 0.276212 -0.538383 -0.0649006 2.95724 -0.161511 3.294 0.988913 -3.19394 -3.5 -1.12274 -1.10115 -3.5 -3.5 1.62161 
Torque : 
-0.645882       3.5  0.945988  -2.74331      -3.5 -0.328365  -2.55097  -1.99416      -3.5  -2.03318
Obs : 
0.77367 1.75032 -1.81182 0.145044 0.774754 -0.615401 0 0 0 -0.0681019 1.37029 1.69848 -0.188756 -2.15265 -1.65271 -1.12319 0.658016 2.42911 0.750077 -0.362873 0.194016 -0.218604 -1.01736 -8.70066 -0.0705636 0.319109 -0.77934 -0.249872 2.55476 -0.645882 3.5 0.945988 -2.74331 -3.5 -0.328365 -2.55097 -1.99416 -3.5 -2.03318 
Torque : 
 -1.3943     -3.5      3.5      3.5      3.5 -0.47018  1.13732 -1.40236 0.221622     -3.5
Obs : 
2.6185 3.22226 -0.537162 0.169861 0.741646 -0.648928 0 0 0 0.0630316 1.2518 1.37778 -0.0942713 -9.84788 -1.64107 -0.984459 0.333922 2.12588 -2.89999 -0.312365 -0.187811 -0.344779 -0.503585 -9.78085 -0.0466092 0.431075 -0.946809 -0.579445 -1.11987 -1.3943 -3.5 3.5 3.5 3.5 -0.47018 1.13732 -1.40236 0.221622 -3.5 
Torque : 
 -1.17394      -3.5   3.19361       3.5   2.39862 -0.658351       3.5   2.80741       3.5      -3.5
Obs : 
3.75782 5.11666 0.199099 0.285629 0.647743 -0.70629 0 0 0 0.00415473 0.697365 1.1607 0.371186 -9.95597 -1.59182 -0.708993 0.0711841 1.87455 -5.29341 -0.350846 -0.634862 -0.478863 -0.0481742 -6.12166 0.0276337 0.616677 -0.933422 -0.639051 -1.90067 -1.17394 -3.5 3.19361 3.5 2.39862 -0.658351 3.5 2.80741 3.5 -3.5 
Torque : 
-1.16694     -3.5  1.87713      3.5 -1.75525 0.268436      3.5      3.5      3.5     -3.5
Obs : 
4.02837 6.72486 0.195943 0.476758 0.523773 -0.705949 0 0 0 -0.189084 0.152847 0.776816 1.07045 -7.54424 -1.42647 -0.343483 -0.0803962 1.66137 -5.78192 -0.487919 -0.880592 -0.786908 0.570764 -3.52257 0.215844 0.805669 -0.905494 -0.699724 -1.58772 -1.16694 -3.5 1.87713 3.5 -1.75525 0.268436 3.5 3.5 3.5 -3.5 
Torque : 
-1.53315 0.814957  2.41731      3.5     -3.5  1.11787  3.07507      3.5      3.5     -3.5
Obs : 
2.29485 6.53317 -0.482489 0.66341 0.435248 -0.608643 0 0 0 -0.460562 -0.0919794 0.292084 1.77328 -5.96992 -1.09307 -0.0323925 -0.262718 1.46959 -5.52615 -0.63099 -0.784543 -0.987174 0.984513 -1.92561 0.512267 0.866546 -0.921021 -0.7131 -0.996985 -1.53315 0.814957 2.41731 3.5 -3.5 1.11787 3.07507 3.5 3.5 -3.5 
Torque : 
 -1.44399   2.24827   2.17483       3.5      -3.5   1.30538 -0.735232       3.5       3.5      -3.5
Obs : 
0.634308 4.55534 -2.05541 0.761854 0.451801 -0.46417 0 0 0 -0.625052 -0.0216573 0.0720764 2.43285 -4.97342 -0.573304 0.0883372 -0.479855 1.34996 -5.06248 -0.590525 -0.530276 -0.831783 1.37289 -0.995276 0.888778 0.719136 -0.931462 -0.654497 -0.451455 -1.44399 2.24827 2.17483 3.5 -3.5 1.30538 -0.735232 3.5 3.5 -3.5 
Torque : 
-0.456869  0.732154  0.530457       3.5      -3.5  0.196386  -2.02823       3.5       3.5      -3.5
Obs : 
1.23242 1.9914 -2.80997 0.773995 0.5044 -0.38277 0 0 0 -0.657769 0.150936 0.167042 3.06218 -4.40879 -0.0116098 -0.053235 -0.593879 1.32173 -4.63338 -0.499106 -0.294238 -0.590619 1.51752 -0.443036 1.22799 0.399703 -0.767338 -0.543945 -0.0466655 -0.456869 0.732154 0.530457 3.5 -3.5 0.196386 -2.02823 3.5 3.5 -3.5 
Torque : 
 0.768082  -1.06357  -1.94756       3.5  -3.14404  -1.34409 -0.169586       3.5       3.5      -3.5
Obs : 
2.20446 0.685454 -2.60905 0.724801 0.573924 -0.381149 0 0 0 -0.647117 0.282775 0.250819 3.33469 -3.99547 0.585469 -0.321931 -0.413614 1.35007 -4.26895 -0.400602 -0.200848 -0.467136 1.37618 -0.0974723 1.40727 0.146695 -0.415632 -0.403785 0.215911 0.768082 -1.06357 -1.94756 3.5 -3.14404 -1.34409 -0.169586 3.5 3.5 -3.5 
Torque : 
 2.23298     -3.5 -3.40458      3.5     -3.5 -2.65465  1.36073      3.5      3.5 -1.33892
Obs : 
4.20199 0.162208 -1.02848 0.690379 0.566637 -0.449777 0 0 0 -0.622496 0.224364 0.187492 3.38986 -3.72292 0.855534 -0.51704 -0.143212 1.48339 -3.86904 -0.31048 -0.290397 -0.500185 1.14223 0.0991798 1.2691 -0.0225043 -0.144132 -0.178062 0.535256 2.23298 -3.5 -3.40458 3.5 -3.5 -2.65465 1.36073 3.5 3.5 -1.33892 
Torque : 
 3.04321     -3.5 -3.02505      3.5     -3.5  -2.9516      3.5      3.5      3.5  1.10071
Obs : 
5.19181 -0.916691 -0.330751 0.667874 0.482863 -0.566381 0 0 0 -0.589429 -0.0254071 0.0169811 3.34441 -3.53047 0.884521 -0.688767 0.118652 1.78405 -2.12479 -0.230915 -0.505251 -0.562022 0.89493 0.213385 1.03171 -0.149697 0.087946 0.197596 2.95452 3.04321 -3.5 -3.02505 3.5 -3.5 -2.9516 3.5 3.5 3.5 1.10071 
Torque : 
  3.39199  -1.29094      -3.5       3.5 -0.201215  -2.69815       3.5   2.47321   -1.6051   1.23233
Obs : 
5.2215 -1.72427 -0.0898141 0.629803 0.3518 -0.692521 0 0 0 -0.557248 -0.405324 -0.189004 3.2609 -3.27128 0.824579 -0.876242 0.366719 1.98981 2.84656 -0.169091 -0.760681 -0.641268 0.674813 0.436039 0.796039 -0.294039 0.351146 0.390079 6.52194 3.39199 -1.29094 -3.5 3.5 -0.201215 -2.69815 3.5 2.47321 -1.6051 1.23233 
Torque : 
 3.08326  2.35065     -3.5 -0.72076      3.5 -2.15316  3.43141 0.680761     -3.5     -3.5
Obs : 
2.1816 -1.74585 -0.553327 0.569106 0.227916 -0.790046 0 0 0 -0.534086 -0.77733 -0.425501 3.13197 -0.143392 0.731456 -1.05809 0.6533 2.25738 3.39071 -0.1293 -0.826518 -0.740948 0.264648 6.18972 0.594898 -0.329121 0.477964 0.4025 2.2723 3.08326 2.35065 -3.5 -0.72076 3.5 -2.15316 3.43141 0.680761 -3.5 -3.5 
Torque : 
  2.55532   2.56778  -1.06292   -3.2847  -1.50767  -1.90289  -1.02649 -0.131385  -1.71439      -3.5
Obs : 
-0.644225 -2.35458 -0.700925 0.486311 0.197113 -0.851263 0 0 0 -0.511931 -0.864493 -0.713331 2.73584 5.46679 0.463943 -1.12379 0.6263 2.46405 0.267757 -0.070752 -0.642178 -0.779435 -0.0285404 7.53314 0.188456 -0.261951 0.208118 0.599101 -0.139356 2.55532 2.56778 -1.06292 -3.2847 -1.50767 -1.90289 -1.02649 -0.131385 -1.71439 -3.5 
Torque : 
 0.985531   1.03902   1.26632      -3.5      -3.5  -1.05034 -0.456917 -0.543888      -3.5       3.5
Obs : 
-2.53485 -2.16883 1.16997 0.407692 0.262507 -0.874573 0 0 0 -0.413707 -0.667887 -0.714181 2.53028 5.47671 0.000944567 -1.016 0.230292 2.57801 -0.167124 0.0538911 -0.336878 -0.516204 -0.147603 3.28313 -0.305203 -0.0731273 -0.294792 0.406791 1.21279 0.985531 1.03902 1.26632 -3.5 -3.5 -1.05034 -0.456917 -0.543888 -3.5 3.5 
Torque : 
 0.415637  0.254662   1.24781      -3.5      -3.5 -0.465673  -1.80868 -0.244205   -3.4585       3.5
Obs : 
-2.72 -2.35228 1.60445 0.337846 0.342713 -0.876589 0 0 0 -0.284559 -0.414381 -0.525037 2.31725 -3.02469 -0.535263 -0.848621 -0.252914 2.28157 4.49092 0.17004 -0.0936956 -0.33072 -0.471326 -5.26079 -0.596369 0.0268499 -0.481097 0.0654562 3.98332 0.415637 0.254662 1.24781 -3.5 -3.5 -0.465673 -1.80868 -0.244205 -3.4585 3.5 
Torque : 
 0.432485  -2.18208  0.220476  -3.49315   2.87019  0.225313   -2.4043  -1.16593 -0.721477      -3.5
Obs : 
-1.34008 -3.19151 1.45294 0.259581 0.398843 -0.879513 0 0 0 -0.072375 -0.223144 -0.318545 2.33961 -8.27252 -0.917378 -0.884493 -0.419132 1.75638 4.05074 0.387777 0.0177627 -0.162906 -0.356144 -6.24506 -0.815327 -0.0903944 -0.521129 -0.496055 -0.281806 0.432485 -2.18208 0.220476 -3.49315 2.87019 0.225313 -2.4043 -1.16593 -0.721477 -3.5 
Torque : 
-0.342263  -1.97984  -3.40681    2.5453       3.5  0.728907   1.83207  -2.05129   1.00441      -3.5
