Obs : 
0 0 0 0 0 0 0 0 -1 0 0 0 0 0 0 0 0 0 0 0 0 0 0 0 0 0 0 0 0 0 
Torque : 
   0.429463 -0.00870234    -1.86779           0    0.546424   -0.561983    -1.39725           0
Obs : 
0.115823 -0.0378954 -0.379405 -0.480344 0.0134897 -0.0275214 0.000173855 0.0104222 -0.999946 0 0 0 0.0088198 0.0648538 -0.305835 0.0198193 0.0392941 -0.212125 0.0775821 0.536381 -2.66393 0.185056 0.328837 -1.87231 0.429463 -0.00870234 -1.86779 0.546424 -0.561983 -1.39725 
Torque : 
0.0258322 0.0114953   0.64724         0  -0.50757  0.175641   1.21303         0
Obs : 
0.0655004 -0.0254661 -0.482853 -0.597087 0.044556 -0.0387481 0.00143499 0.0345809 -0.999401 0 0 0 0.0269777 0.165203 -0.903534 0.0650011 0.0962101 -0.60088 0.0873374 0.347558 -2.65521 0.198525 0.145504 -1.3687 0.0258322 0.0114953 0.64724 -0.50757 0.175641 1.21303 
Torque : 
-0.062574  0.219189    1.9584         0  -1.83135  0.547624   2.71423         0
Obs : 
-0.034536 0.0973536 -0.241409 -0.111734 0.0119477 -0.0839882 0.00254951 0.0491669 -0.998787 0 0 0 0.0374012 0.200163 -1.23559 0.066091 0.0790679 -0.562412 0.0158451 0.050332 -0.597123 -0.177173 -0.298167 1.67303 -0.062574 0.219189 1.9584 -1.83135 0.547624 2.71423 
Torque : 
-0.422617  0.117523   2.79072         0  -0.40217 0.0371634   1.35146         0
Obs : 
-0.171978 0.0969824 -0.0588731 0.405914 0.0595938 -0.0910765 0.00369363 0.0435174 -0.999046 0 0 0 0.0374333 0.184854 -1.08244 0.0155705 -0.0318868 -0.0134172 -0.0191699 -0.225272 2.05179 -0.307938 -0.844361 3.8009 -0.422617 0.117523 2.79072 -0.40217 0.0371634 1.35146 
Torque : 
   0.77777 -0.0711169    1.28862          0    2.90337   0.192035   -1.25659          0
Obs : 
-0.114705 -0.102641 -0.109887 -0.380993 0.0213219 0.0562257 0.00535831 0.0415341 -0.999123 0 0 0 0.0676203 0.09819 -0.471377 -0.0130025 -0.143952 0.497155 0.296224 -0.63698 3.73424 0.0173985 -0.20308 1.1575 0.77777 -0.0711169 1.28862 2.90337 0.192035 -1.25659 
Torque : 
-0.0743671   -0.88599   -1.49969          0    2.62696  -0.596013   -2.37354          0
Obs : 
0.0693685 -0.150064 -0.332243 -1.32313 0.117179 0.183933 0.00868544 0.0776284 -0.996945 0 0 0 0.13996 -0.028233 0.148039 0.01948 -0.0969737 0.482375 0.395814 -0.383118 1.92145 0.278602 0.65249 -1.15957 -0.0743671 -0.88599 -1.49969 2.62696 -0.596013 -2.37354 
Torque : 
  -2.11266 -0.0435069   -1.67412          0    1.20785   -2.76279       -3.5          0
Obs : 
0.264915 -0.13429 -0.654212 -0.855999 0.376407 0.106908 0.0189546 0.123758 -0.992131 0 0 0 0.203897 -0.0302178 0.282045 0.0710756 0.125752 -0.00736156 0.227925 0.309074 -0.32369 0.232374 1.47351 -3.78024 -2.11266 -0.0435069 -1.67412 1.20785 -2.76279 -3.5 
Torque : 
 -2.78783 -0.189272 -0.226031         0  0.431617      -3.5  -3.07793         0
Obs : 
0.051524 -0.177533 -0.925388 0.46339 0.942249 -0.0554222 0.0466895 0.128793 -0.990572 0 0 0 0.217642 0.0442173 0.136224 0.11265 0.404284 -1.05766 -0.065548 0.337012 -0.875998 0.212917 0.973314 -5.93726 -2.78783 -0.189272 -0.226031 0.431617 -3.5 -3.07793 
Torque : 
 -1.6579 -1.77614 0.350325        0 0.256017 0.838257      3.5        0
Obs : 
0.0284668 -0.0959944 -0.672349 0.67617 1.11011 0.0795481 0.0900042 0.105475 -0.990341 0 0 0 0.198625 0.0903187 -0.0229239 0.156709 0.530842 -1.95762 -0.119455 0.111484 -0.623606 0.15255 0.504856 -2.63877 -1.6579 -1.77614 0.350325 0.256017 0.838257 3.5 
Torque : 
  -1.34054  -0.139306  -0.166355          0 -0.0350337   0.936812        3.5          0
